ID,dataSet,OWLfile
EUPATH_0000001,India ICEMR Cohort,icemr_india_cohort
EUPATH_0000001,India ICEMR Cross-Sectional,icemr_india_cx
EUPATH_0000001,India ICEMR Severe P.vivax and falciparum Cohort,icemr_india_severe_malaria
EUPATH_0000003,LLINE UP Cluster Randomized Trial,gates_llineup
EUPATH_0000003,MAL-ED 0-60m Cohort,gates_maled
EUPATH_0000003,PROVIDE Randomized Controlled Trial,gates_provide
EUPATH_0000003,PROMOTE BC3 Cohort,general_promote
EUPATH_0000003,Amazonia ICEMR Brazil Cohort,icemr_amazonia_brazil
EUPATH_0000003,Amazonia ICEMR Peru Cohort,icemr_amazonia_peru
EUPATH_0000003,India ICEMR Behavior Cross-sectional,icemr_india_behavior
EUPATH_0000003,India ICEMR Cohort,icemr_india_cohort
EUPATH_0000003,India ICEMR Cross-Sectional,icemr_india_cx
EUPATH_0000003,India ICEMR Meghalaya Cohort,icemr_india_meghalaya
EUPATH_0000003,Malawi ICEMR Case-Control,icemr_malawi
EUPATH_0000003,PRISM ICEMR Cohort,icemr_prism
EUPATH_0000003,PRISM2 ICEMR Cohort,icemr_prism2
EUPATH_0000003,PRISM2 ICEMR Border Cohort,icemr_prism2_border_cohort
EUPATH_0000006,GANC,gates_ganc
EUPATH_0000006,GEMS1 Case Control,gates_gems
EUPATH_0000006,GEMS1A Case Control,gates_gems1a
EUPATH_0000006,GEMS1 HUAS/HUAS Lite Survey,gates_gems_huas
EUPATH_0000006,LLINE UP Cluster Randomized Trial,gates_llineup
EUPATH_0000006,MAL-ED 0-60m Cohort,gates_maled
EUPATH_0000006,PROVIDE Randomized Controlled Trial,gates_provide
EUPATH_0000006,WASH Benefits Kenya Cluster Randomized Trial,gates_washb_kenya
EUPATH_0000006,PROMOTE BC3 Cohort,general_promote
EUPATH_0000006,Amazonia ICEMR Brazil Cohort,icemr_amazonia_brazil
EUPATH_0000006,Amazonia ICEMR Peru Cohort,icemr_amazonia_peru
EUPATH_0000006,Malawi ICEMR Case-Control,icemr_malawi
EUPATH_0000006,PRISM ICEMR Cohort,icemr_prism
EUPATH_0000006,PRISM2 ICEMR Cohort,icemr_prism2
EUPATH_0000006,PRISM2 ICEMR Border Cohort,icemr_prism2_border_cohort
EUPATH_0000009,LLINE UP Cluster Randomized Trial,gates_llineup
EUPATH_0000009,MAL-ED 0-60m Cohort,gates_maled
EUPATH_0000009,PROVIDE Randomized Controlled Trial,gates_provide
EUPATH_0000009,PROMOTE BC3 Cohort,general_promote
EUPATH_0000009,Amazonia ICEMR Brazil Cohort,icemr_amazonia_brazil
EUPATH_0000009,India ICEMR Meghalaya Cohort,icemr_india_meghalaya
EUPATH_0000009,Malawi ICEMR Case-Control,icemr_malawi
EUPATH_0000009,PRISM ICEMR Cohort,icemr_prism
EUPATH_0000009,PRISM2 ICEMR Cohort,icemr_prism2
EUPATH_0000009,PRISM2 ICEMR Border Cohort,icemr_prism2_border_cohort
EUPATH_0000014,ELICIT,gates_elicit
EUPATH_0000014,GEMS1 Case Control,gates_gems
EUPATH_0000014,GEMS1A Case Control,gates_gems1a
EUPATH_0000014,GEMS1 HUAS/HUAS Lite Survey,gates_gems_huas
EUPATH_0000014,LLINE UP Cluster Randomized Trial,gates_llineup
EUPATH_0000014,MAL-ED 0-60m Cohort,gates_maled
EUPATH_0000014,Amazonia ICEMR Brazil Cohort,icemr_amazonia_brazil
EUPATH_0000014,PRISM ICEMR Cohort,icemr_prism
EUPATH_0000014,PRISM2 ICEMR Cohort,icemr_prism2
EUPATH_0000014,PRISM2 ICEMR Border Cohort,icemr_prism2_border_cohort
EUPATH_0000018,LLINE UP Cluster Randomized Trial,gates_llineup
EUPATH_0000018,PROMOTE BC3 Cohort,general_promote
EUPATH_0000018,PRISM ICEMR Cohort,icemr_prism
EUPATH_0000019,"avenir,baseline",gates_avenir
EUPATH_0000019,ELICIT,gates_elicit
EUPATH_0000019,GEMS1 Case Control,gates_gems
EUPATH_0000019,GEMS1A Case Control,gates_gems1a
EUPATH_0000019,GEMS1 HUAS/HUAS Lite Survey,gates_gems_huas
EUPATH_0000019,LLINE UP Cluster Randomized Trial,gates_llineup
EUPATH_0000019,PROVIDE Randomized Controlled Trial,gates_provide
EUPATH_0000019,SHINE,gates_shine
EUPATH_0000019,VIDA Case Control,gates_vida
EUPATH_0000019,VIDA HUCS Gambia Mali,gates_vida_hucs_gambia_mali
EUPATH_0000019,VIDA HUCS Kenya,gates_vida_hucs_kenya
EUPATH_0000019,WASHb BNG Cluster Randomized Trial,gates_washb_bangladesh
EUPATH_0000019,Amazonia ICEMR Brazil Cohort,icemr_amazonia_brazil
EUPATH_0000019,India ICEMR Behavior Cross-sectional,icemr_india_behavior
EUPATH_0000019,India ICEMR Cohort,icemr_india_cohort
EUPATH_0000019,India ICEMR Cross-Sectional,icemr_india_cx
EUPATH_0000019,India ICEMR DAMaN,icemr_india_daman
EUPATH_0000019,India ICEMR Meghalaya Cohort,icemr_india_meghalaya
EUPATH_0000019,Malawi ICEMR Case-Control,icemr_malawi
EUPATH_0000019,PRISM ICEMR Cohort,icemr_prism
EUPATH_0000019,PRISM2 ICEMR Cohort,icemr_prism2
EUPATH_0000019,PRISM2 ICEMR Border Cohort,icemr_prism2_border_cohort
EUPATH_0000023,GANC,gates_ganc
EUPATH_0000023,GEMS1 Case Control,gates_gems
EUPATH_0000023,GEMS1A Case Control,gates_gems1a
EUPATH_0000023,LLINE UP Cluster Randomized Trial,gates_llineup
EUPATH_0000023,PERCH Case Control,gates_perch
EUPATH_0000023,PROVIDE Randomized Controlled Trial,gates_provide
EUPATH_0000023,SHINE,gates_shine
EUPATH_0000023,VIDA Case Control,gates_vida
EUPATH_0000023,PROMOTE BC3 Cohort,general_promote
EUPATH_0000023,Amazonia ICEMR Peru Cohort,icemr_amazonia_peru
EUPATH_0000023,Malawi ICEMR Case-Control,icemr_malawi
EUPATH_0000023,PRISM ICEMR Cohort,icemr_prism
EUPATH_0000023,PRISM2 ICEMR Cohort,icemr_prism2
EUPATH_0000023,PRISM2 ICEMR Border Cohort,icemr_prism2_border_cohort
EUPATH_0000025,GANC,gates_ganc
EUPATH_0000025,GEMS1 Case Control,gates_gems
EUPATH_0000025,GEMS1A Case Control,gates_gems1a
EUPATH_0000025,GEMS1 HUAS/HUAS Lite Survey,gates_gems_huas
EUPATH_0000025,LLINE UP Cluster Randomized Trial,gates_llineup
EUPATH_0000025,VIDA Case Control,gates_vida
EUPATH_0000025,PROMOTE BC3 Cohort,general_promote
EUPATH_0000025,Amazonia ICEMR Peru Cohort,icemr_amazonia_peru
EUPATH_0000025,PRISM ICEMR Cohort,icemr_prism
EUPATH_0000025,PRISM2 ICEMR Cohort,icemr_prism2
EUPATH_0000025,PRISM2 ICEMR Border Cohort,icemr_prism2_border_cohort
EUPATH_0000026,LLINE UP Cluster Randomized Trial,gates_llineup
EUPATH_0000026,WASHb BNG Cluster Randomized Trial,gates_washb_bangladesh
EUPATH_0000026,PROMOTE BC3 Cohort,general_promote
EUPATH_0000026,PRISM ICEMR Cohort,icemr_prism
EUPATH_0000026,PRISM2 ICEMR Cohort,icemr_prism2
EUPATH_0000026,PRISM2 ICEMR Border Cohort,icemr_prism2_border_cohort
EUPATH_0000027,LLINE UP Cluster Randomized Trial,gates_llineup
EUPATH_0000027,PROMOTE BC3 Cohort,general_promote
EUPATH_0000027,PRISM ICEMR Cohort,icemr_prism
EUPATH_0000027,PRISM2 ICEMR Cohort,icemr_prism2
EUPATH_0000027,PRISM2 ICEMR Border Cohort,icemr_prism2_border_cohort
EUPATH_0000028,LLINE UP Cluster Randomized Trial,gates_llineup
EUPATH_0000028,PROMOTE BC3 Cohort,general_promote
EUPATH_0000028,PRISM ICEMR Cohort,icemr_prism
EUPATH_0000028,PRISM2 ICEMR Cohort,icemr_prism2
EUPATH_0000028,PRISM2 ICEMR Border Cohort,icemr_prism2_border_cohort
EUPATH_0000029,LLINE UP Cluster Randomized Trial,gates_llineup
EUPATH_0000029,PROMOTE BC3 Cohort,general_promote
EUPATH_0000029,PRISM ICEMR Cohort,icemr_prism
EUPATH_0000029,PRISM2 ICEMR Cohort,icemr_prism2
EUPATH_0000029,PRISM2 ICEMR Border Cohort,icemr_prism2_border_cohort
EUPATH_0000033,India ICEMR Cross-Sectional,icemr_india_cx
EUPATH_0000033,India ICEMR Severe P.vivax and falciparum Cohort,icemr_india_severe_malaria
EUPATH_0000033,PRISM ICEMR Cohort,icemr_prism
EUPATH_0000034,PRISM ICEMR Cohort,icemr_prism
EUPATH_0000035,PRISM ICEMR Cohort,icemr_prism
EUPATH_0000036,India ICEMR Cohort,icemr_india_cohort
EUPATH_0000036,India ICEMR Cross-Sectional,icemr_india_cx
EUPATH_0000036,India ICEMR Fever Surveillance,icemr_india_fever_surv
EUPATH_0000036,PRISM2 ICEMR Cohort,icemr_prism2
EUPATH_0000036,PRISM2 ICEMR Border Cohort,icemr_prism2_border_cohort
EUPATH_0000040,PRISM ICEMR Cohort,icemr_prism
EUPATH_0000043,India ICEMR Severe P.vivax and falciparum Cohort,icemr_india_severe_malaria
EUPATH_0000043,West Africa ICEMR,icemr_west_africa
EUPATH_0000047,ELICIT,gates_elicit
EUPATH_0000047,LLINE UP Cluster Randomized Trial,gates_llineup
EUPATH_0000047,PERCH Case Control,gates_perch
EUPATH_0000047,SCORE Sm Cohort,gates_score_sm_cohort
EUPATH_0000047,SHINE,gates_shine
EUPATH_0000047,SIP,gates_sip
EUPATH_0000047,Kalifabougou,general_kalifabougou
EUPATH_0000047,PROMOTE BC3 Cohort,general_promote
EUPATH_0000047,Amazonia ICEMR Brazil Cohort,icemr_amazonia_brazil
EUPATH_0000047,India ICEMR Cohort,icemr_india_cohort
EUPATH_0000047,India ICEMR Cross-Sectional,icemr_india_cx
EUPATH_0000047,India ICEMR DAMaN,icemr_india_daman
EUPATH_0000047,India ICEMR Fever Surveillance,icemr_india_fever_surv
EUPATH_0000047,India ICEMR Meghalaya Cohort,icemr_india_meghalaya
EUPATH_0000047,India ICEMR Severe P.vivax and falciparum Cohort,icemr_india_severe_malaria
EUPATH_0000047,Myanmar ICEMR,icemr_myanmar
EUPATH_0000047,PRISM ICEMR Cohort,icemr_prism
EUPATH_0000047,PRISM2 ICEMR Cohort,icemr_prism2
EUPATH_0000047,PRISM2 ICEMR Border Cohort,icemr_prism2_border_cohort
EUPATH_0000047,South Asia ICEMR Surveillance,icemr_south_asia
EUPATH_0000047,Southern Africa ICEMR Cross-sectional,icemr_southern_africa
EUPATH_0000047,West Africa ICEMR,icemr_west_africa
EUPATH_0000048,GAMIN RCT,gates_gamin
EUPATH_0000048,PROMOTE BC3 Cohort,general_promote
EUPATH_0000048,PRISM ICEMR Cohort,icemr_prism
EUPATH_0000048,PRISM2 ICEMR Cohort,icemr_prism2
EUPATH_0000048,PRISM2 ICEMR Border Cohort,icemr_prism2_border_cohort
EUPATH_0000054,UMSP Surveillance,general_umsp
EUPATH_0000054,PRISM ICEMR Cohort,icemr_prism
EUPATH_0000054,PRISM2 ICEMR Border Cohort,icemr_prism2_border_cohort
EUPATH_0000058,PROMOTE BC3 Cohort,general_promote
EUPATH_0000058,UMSP Surveillance,general_umsp
EUPATH_0000058,Amazonia ICEMR Peru Cohort,icemr_amazonia_peru
EUPATH_0000058,India ICEMR Severe P.vivax and falciparum Cohort,icemr_india_severe_malaria
EUPATH_0000058,PRISM ICEMR Cohort,icemr_prism
EUPATH_0000058,PRISM2 ICEMR Cohort,icemr_prism2
EUPATH_0000058,PRISM2 ICEMR Border Cohort,icemr_prism2_border_cohort
EUPATH_0000058,South Asia ICEMR Surveillance,icemr_south_asia
EUPATH_0000058,Southern Africa ICEMR Cross-sectional,icemr_southern_africa
EUPATH_0000059,UMSP Surveillance,general_umsp
EUPATH_0000059,PRISM ICEMR Cohort,icemr_prism
EUPATH_0000059,PRISM2 ICEMR Cohort,icemr_prism2
EUPATH_0000059,PRISM2 ICEMR Border Cohort,icemr_prism2_border_cohort
EUPATH_0000090,SCORE Sm Cohort,gates_score_sm_cohort
EUPATH_0000090,PROMOTE BC3 Cohort,general_promote
EUPATH_0000090,UMSP Surveillance,general_umsp
EUPATH_0000090,Amazonia ICEMR Brazil Cohort,icemr_amazonia_brazil
EUPATH_0000090,PRISM ICEMR Cohort,icemr_prism
EUPATH_0000090,PRISM2 ICEMR Cohort,icemr_prism2
EUPATH_0000090,PRISM2 ICEMR Border Cohort,icemr_prism2_border_cohort
EUPATH_0000091,GANC,gates_ganc
EUPATH_0000092,GAMIN RCT,gates_gamin
EUPATH_0000092,LLINE UP Cluster Randomized Trial,gates_llineup
EUPATH_0000092,PRISM ICEMR Cohort,icemr_prism
EUPATH_0000092,PRISM2 ICEMR Cohort,icemr_prism2
EUPATH_0000092,PRISM2 ICEMR Border Cohort,icemr_prism2_border_cohort
EUPATH_0000092,Southern Africa ICEMR Cross-sectional,icemr_southern_africa
EUPATH_0000095,SCORE Five Country,gates_score_five_country
EUPATH_0000096,"avenir,baseline",gates_avenir
EUPATH_0000096,ELICIT,gates_elicit
EUPATH_0000096,GAMIN RCT,gates_gamin
EUPATH_0000096,GANC,gates_ganc
EUPATH_0000096,GEMS1 Case Control,gates_gems
EUPATH_0000096,GEMS1A Case Control,gates_gems1a
EUPATH_0000096,GEMS1A HUAS Lite Survey,gates_gems1a_huas
EUPATH_0000096,GEMS1 HUAS/HUAS Lite Survey,gates_gems_huas
EUPATH_0000096,LLINE UP Cluster Randomized Trial,gates_llineup
EUPATH_0000096,MAL-ED 0-60m Cohort,gates_maled
EUPATH_0000096,mordor,gates_mordor
EUPATH_0000096,Preventing Congenital Syphilis,gates_pcs
EUPATH_0000096,PERCH Case Control,gates_perch
EUPATH_0000096,PROVIDE Randomized Controlled Trial,gates_provide
EUPATH_0000096,SCORE Burundi,gates_score_burundi
EUPATH_0000096,SCORE Five Country,gates_score_five_country
EUPATH_0000096,SCORE Mozambique Cluster Randomized Trial,gates_score_moz
EUPATH_0000096,SCORE Niger Cluster Randomized Trial,gates_score_nig
EUPATH_0000096,SCORE Rwanda,gates_score_rwanda
EUPATH_0000096,SCORE Seasonal,gates_score_seasonal
EUPATH_0000096,SCORE Sm Cohort,gates_score_sm_cohort
EUPATH_0000096,SCORE S. mansoni Cluster Randomized Trial,gates_score_sm_crt
EUPATH_0000096,SCORE Zanzibar,gates_score_zanzibar
EUPATH_0000096,SHINE,gates_shine
EUPATH_0000096,SIP,gates_sip
EUPATH_0000096,VIDA Case Control,gates_vida
EUPATH_0000096,VIDA HUCS Gambia Mali,gates_vida_hucs_gambia_mali
EUPATH_0000096,VIDA HUCS Kenya,gates_vida_hucs_kenya
EUPATH_0000096,WASHb BNG Cluster Randomized Trial,gates_washb_bangladesh
EUPATH_0000096,WASH Benefits Kenya Cluster Randomized Trial,gates_washb_kenya
EUPATH_0000096,Kalifabougou,general_kalifabougou
EUPATH_0000096,PROMOTE BC3 Cohort,general_promote
EUPATH_0000096,UMSP Surveillance,general_umsp
EUPATH_0000096,Amazonia ICEMR Brazil Cohort,icemr_amazonia_brazil
EUPATH_0000096,Amazonia ICEMR Peru Cohort,icemr_amazonia_peru
EUPATH_0000096,India ICEMR Behavior Cross-sectional,icemr_india_behavior
EUPATH_0000096,India ICEMR Cohort,icemr_india_cohort
EUPATH_0000096,India ICEMR Cross-Sectional,icemr_india_cx
EUPATH_0000096,India ICEMR DAMaN,icemr_india_daman
EUPATH_0000096,India ICEMR Fever Surveillance,icemr_india_fever_surv
EUPATH_0000096,India ICEMR Meghalaya Cohort,icemr_india_meghalaya
EUPATH_0000096,India ICEMR Severe P.vivax and falciparum Cohort,icemr_india_severe_malaria
EUPATH_0000096,Malawi ICEMR Case-Control,icemr_malawi
EUPATH_0000096,Myanmar ICEMR,icemr_myanmar
EUPATH_0000096,PRISM ICEMR Cohort,icemr_prism
EUPATH_0000096,PRISM2 ICEMR Cohort,icemr_prism2
EUPATH_0000096,PRISM2 ICEMR Border Cohort,icemr_prism2_border_cohort
EUPATH_0000096,South Asia ICEMR Surveillance,icemr_south_asia
EUPATH_0000096,Southeast Asia ICEMR Surveillance,icemr_southeast_asia
EUPATH_0000096,Southern Africa ICEMR Cross-sectional,icemr_southern_africa
EUPATH_0000096,West Africa ICEMR,icemr_west_africa
EUPATH_0000097,"avenir,baseline",gates_avenir
EUPATH_0000097,LLINE UP Cluster Randomized Trial,gates_llineup
EUPATH_0000097,PERCH Case Control,gates_perch
EUPATH_0000097,PROMOTE BC3 Cohort,general_promote
EUPATH_0000097,PRISM ICEMR Cohort,icemr_prism
EUPATH_0000097,PRISM2 ICEMR Cohort,icemr_prism2
EUPATH_0000097,PRISM2 ICEMR Border Cohort,icemr_prism2_border_cohort
EUPATH_0000100,PROMOTE BC3 Cohort,general_promote
EUPATH_0000100,UMSP Surveillance,general_umsp
EUPATH_0000100,Amazonia ICEMR Peru Cohort,icemr_amazonia_peru
EUPATH_0000100,Malawi ICEMR Case-Control,icemr_malawi
EUPATH_0000100,PRISM ICEMR Cohort,icemr_prism
EUPATH_0000100,PRISM2 ICEMR Cohort,icemr_prism2
EUPATH_0000100,PRISM2 ICEMR Border Cohort,icemr_prism2_border_cohort
EUPATH_0000100,West Africa ICEMR,icemr_west_africa
EUPATH_0000110,GAMIN RCT,gates_gamin
EUPATH_0000110,MAL-ED 0-60m Cohort,gates_maled
EUPATH_0000110,PERCH Case Control,gates_perch
EUPATH_0000110,PROVIDE Randomized Controlled Trial,gates_provide
EUPATH_0000110,SIP,gates_sip
EUPATH_0000110,Kalifabougou,general_kalifabougou
EUPATH_0000110,PROMOTE BC3 Cohort,general_promote
EUPATH_0000110,Amazonia ICEMR Peru Cohort,icemr_amazonia_peru
EUPATH_0000110,India ICEMR Cohort,icemr_india_cohort
EUPATH_0000110,India ICEMR Cross-Sectional,icemr_india_cx
EUPATH_0000110,India ICEMR DAMaN,icemr_india_daman
EUPATH_0000110,India ICEMR Fever Surveillance,icemr_india_fever_surv
EUPATH_0000110,India ICEMR Meghalaya Cohort,icemr_india_meghalaya
EUPATH_0000110,India ICEMR Severe P.vivax and falciparum Cohort,icemr_india_severe_malaria
EUPATH_0000110,Malawi ICEMR Case-Control,icemr_malawi
EUPATH_0000110,Myanmar ICEMR,icemr_myanmar
EUPATH_0000110,PRISM ICEMR Cohort,icemr_prism
EUPATH_0000110,PRISM2 ICEMR Cohort,icemr_prism2
EUPATH_0000110,PRISM2 ICEMR Border Cohort,icemr_prism2_border_cohort
EUPATH_0000110,South Asia ICEMR Surveillance,icemr_south_asia
EUPATH_0000110,Southeast Asia ICEMR Surveillance,icemr_southeast_asia
EUPATH_0000110,Southern Africa ICEMR Cross-sectional,icemr_southern_africa
EUPATH_0000110,West Africa ICEMR,icemr_west_africa
EUPATH_0000120,ELICIT,gates_elicit
EUPATH_0000120,Preventing Congenital Syphilis,gates_pcs
EUPATH_0000120,PROVIDE Randomized Controlled Trial,gates_provide
EUPATH_0000120,SCORE S. mansoni Cluster Randomized Trial,gates_score_sm_crt
EUPATH_0000120,WASHb BNG Cluster Randomized Trial,gates_washb_bangladesh
EUPATH_0000120,Kalifabougou,general_kalifabougou
EUPATH_0000120,PROMOTE BC3 Cohort,general_promote
EUPATH_0000120,Amazonia ICEMR Brazil Cohort,icemr_amazonia_brazil
EUPATH_0000120,Amazonia ICEMR Peru Cohort,icemr_amazonia_peru
EUPATH_0000120,India ICEMR Cohort,icemr_india_cohort
EUPATH_0000120,India ICEMR Cross-Sectional,icemr_india_cx
EUPATH_0000120,India ICEMR Severe P.vivax and falciparum Cohort,icemr_india_severe_malaria
EUPATH_0000120,PRISM ICEMR Cohort,icemr_prism
EUPATH_0000120,PRISM2 ICEMR Border Cohort,icemr_prism2_border_cohort
EUPATH_0000120,South Asia ICEMR Surveillance,icemr_south_asia
EUPATH_0000120,Southeast Asia ICEMR Surveillance,icemr_southeast_asia
EUPATH_0000120,West Africa ICEMR,icemr_west_africa
EUPATH_0000121,GANC,gates_ganc
EUPATH_0000123,PRISM2 ICEMR Border Cohort,icemr_prism2_border_cohort
EUPATH_0000127,Kalifabougou,general_kalifabougou
EUPATH_0000127,PROMOTE BC3 Cohort,general_promote
EUPATH_0000127,Amazonia ICEMR Peru Cohort,icemr_amazonia_peru
EUPATH_0000127,India ICEMR Cohort,icemr_india_cohort
EUPATH_0000127,India ICEMR Cross-Sectional,icemr_india_cx
EUPATH_0000127,India ICEMR DAMaN,icemr_india_daman
EUPATH_0000127,India ICEMR Fever Surveillance,icemr_india_fever_surv
EUPATH_0000127,India ICEMR Meghalaya Cohort,icemr_india_meghalaya
EUPATH_0000127,PRISM ICEMR Cohort,icemr_prism
EUPATH_0000127,West Africa ICEMR,icemr_west_africa
EUPATH_0000128,PRISM ICEMR Cohort,icemr_prism
EUPATH_0000135,LLINE UP Cluster Randomized Trial,gates_llineup
EUPATH_0000135,Malawi ICEMR Case-Control,icemr_malawi
EUPATH_0000135,PRISM ICEMR Cohort,icemr_prism
EUPATH_0000135,PRISM2 ICEMR Cohort,icemr_prism2
EUPATH_0000135,PRISM2 ICEMR Border Cohort,icemr_prism2_border_cohort
EUPATH_0000136,LLINE UP Cluster Randomized Trial,gates_llineup
EUPATH_0000136,PRISM ICEMR Cohort,icemr_prism
EUPATH_0000136,PRISM2 ICEMR Cohort,icemr_prism2
EUPATH_0000136,PRISM2 ICEMR Border Cohort,icemr_prism2_border_cohort
EUPATH_0000137,LLINE UP Cluster Randomized Trial,gates_llineup
EUPATH_0000137,PRISM ICEMR Cohort,icemr_prism
EUPATH_0000137,PRISM2 ICEMR Cohort,icemr_prism2
EUPATH_0000137,PRISM2 ICEMR Border Cohort,icemr_prism2_border_cohort
EUPATH_0000138,ELICIT,gates_elicit
EUPATH_0000138,PRISM2 ICEMR Border Cohort,icemr_prism2_border_cohort
EUPATH_0000143,GEMS1 Case Control,gates_gems
EUPATH_0000143,GEMS1A Case Control,gates_gems1a
EUPATH_0000143,GEMS1 HUAS/HUAS Lite Survey,gates_gems_huas
EUPATH_0000143,LLINE UP Cluster Randomized Trial,gates_llineup
EUPATH_0000143,PROMOTE BC3 Cohort,general_promote
EUPATH_0000143,PRISM ICEMR Cohort,icemr_prism
EUPATH_0000143,PRISM2 ICEMR Cohort,icemr_prism2
EUPATH_0000143,PRISM2 ICEMR Border Cohort,icemr_prism2_border_cohort
EUPATH_0000144,ELICIT,gates_elicit
EUPATH_0000144,GANC,gates_ganc
EUPATH_0000144,GEMS1 Case Control,gates_gems
EUPATH_0000144,GEMS1A Case Control,gates_gems1a
EUPATH_0000144,GEMS1 HUAS/HUAS Lite Survey,gates_gems_huas
EUPATH_0000144,LLINE UP Cluster Randomized Trial,gates_llineup
EUPATH_0000144,MAL-ED 0-60m Cohort,gates_maled
EUPATH_0000144,PROVIDE Randomized Controlled Trial,gates_provide
EUPATH_0000144,SHINE,gates_shine
EUPATH_0000144,VIDA Case Control,gates_vida
EUPATH_0000144,VIDA HUCS Gambia Mali,gates_vida_hucs_gambia_mali
EUPATH_0000144,VIDA HUCS Kenya,gates_vida_hucs_kenya
EUPATH_0000144,WASHb BNG Cluster Randomized Trial,gates_washb_bangladesh
EUPATH_0000144,WASH Benefits Kenya Cluster Randomized Trial,gates_washb_kenya
EUPATH_0000144,PROMOTE BC3 Cohort,general_promote
EUPATH_0000144,Amazonia ICEMR Brazil Cohort,icemr_amazonia_brazil
EUPATH_0000144,Amazonia ICEMR Peru Cohort,icemr_amazonia_peru
EUPATH_0000144,India ICEMR Behavior Cross-sectional,icemr_india_behavior
EUPATH_0000144,India ICEMR Cohort,icemr_india_cohort
EUPATH_0000144,India ICEMR Cross-Sectional,icemr_india_cx
EUPATH_0000144,India ICEMR Meghalaya Cohort,icemr_india_meghalaya
EUPATH_0000144,Malawi ICEMR Case-Control,icemr_malawi
EUPATH_0000144,PRISM ICEMR Cohort,icemr_prism
EUPATH_0000144,PRISM2 ICEMR Cohort,icemr_prism2
EUPATH_0000144,PRISM2 ICEMR Border Cohort,icemr_prism2_border_cohort
EUPATH_0000150,GEMS1 Case Control,gates_gems
EUPATH_0000150,GEMS1A Case Control,gates_gems1a
EUPATH_0000150,mordor,gates_mordor
EUPATH_0000150,PERCH Case Control,gates_perch
EUPATH_0000150,SHINE,gates_shine
EUPATH_0000150,SIP,gates_sip
EUPATH_0000150,VIDA Case Control,gates_vida
EUPATH_0000150,Kalifabougou,general_kalifabougou
EUPATH_0000150,PRISM ICEMR Cohort,icemr_prism
EUPATH_0000150,PRISM2 ICEMR Cohort,icemr_prism2
EUPATH_0000151,ELICIT,gates_elicit
EUPATH_0000151,GEMS1 Case Control,gates_gems
EUPATH_0000151,GEMS1A Case Control,gates_gems1a
EUPATH_0000151,PERCH Case Control,gates_perch
EUPATH_0000151,PROVIDE Randomized Controlled Trial,gates_provide
EUPATH_0000151,SHINE,gates_shine
EUPATH_0000151,VIDA Case Control,gates_vida
EUPATH_0000151,Kalifabougou,general_kalifabougou
EUPATH_0000151,PROMOTE BC3 Cohort,general_promote
EUPATH_0000151,Amazonia ICEMR Brazil Cohort,icemr_amazonia_brazil
EUPATH_0000151,Malawi ICEMR Case-Control,icemr_malawi
EUPATH_0000151,PRISM ICEMR Cohort,icemr_prism
EUPATH_0000151,PRISM2 ICEMR Cohort,icemr_prism2
EUPATH_0000151,PRISM2 ICEMR Border Cohort,icemr_prism2_border_cohort
EUPATH_0000151,South Asia ICEMR Surveillance,icemr_south_asia
EUPATH_0000151,Southeast Asia ICEMR Surveillance,icemr_southeast_asia
EUPATH_0000152,SHINE,gates_shine
EUPATH_0000152,PRISM ICEMR Cohort,icemr_prism
EUPATH_0000152,PRISM2 ICEMR Cohort,icemr_prism2
EUPATH_0000152,PRISM2 ICEMR Border Cohort,icemr_prism2_border_cohort
EUPATH_0000154,PROMOTE BC3 Cohort,general_promote
EUPATH_0000154,PRISM ICEMR Cohort,icemr_prism
EUPATH_0000154,PRISM2 ICEMR Cohort,icemr_prism2
EUPATH_0000154,PRISM2 ICEMR Border Cohort,icemr_prism2_border_cohort
EUPATH_0000155,PROMOTE BC3 Cohort,general_promote
EUPATH_0000155,PRISM ICEMR Cohort,icemr_prism
EUPATH_0000155,PRISM2 ICEMR Cohort,icemr_prism2
EUPATH_0000155,PRISM2 ICEMR Border Cohort,icemr_prism2_border_cohort
EUPATH_0000156,PROMOTE BC3 Cohort,general_promote
EUPATH_0000156,Malawi ICEMR Case-Control,icemr_malawi
EUPATH_0000156,PRISM ICEMR Cohort,icemr_prism
EUPATH_0000156,PRISM2 ICEMR Cohort,icemr_prism2
EUPATH_0000156,PRISM2 ICEMR Border Cohort,icemr_prism2_border_cohort
EUPATH_0000157,PROMOTE BC3 Cohort,general_promote
EUPATH_0000157,PRISM ICEMR Cohort,icemr_prism
EUPATH_0000157,PRISM2 ICEMR Cohort,icemr_prism2
EUPATH_0000157,PRISM2 ICEMR Border Cohort,icemr_prism2_border_cohort
EUPATH_0000158,PROMOTE BC3 Cohort,general_promote
EUPATH_0000158,PRISM ICEMR Cohort,icemr_prism
EUPATH_0000158,PRISM2 ICEMR Cohort,icemr_prism2
EUPATH_0000158,PRISM2 ICEMR Border Cohort,icemr_prism2_border_cohort
EUPATH_0000159,PROMOTE BC3 Cohort,general_promote
EUPATH_0000159,Malawi ICEMR Case-Control,icemr_malawi
EUPATH_0000159,PRISM ICEMR Cohort,icemr_prism
EUPATH_0000159,PRISM2 ICEMR Cohort,icemr_prism2
EUPATH_0000159,PRISM2 ICEMR Border Cohort,icemr_prism2_border_cohort
EUPATH_0000160,PRISM ICEMR Cohort,icemr_prism
EUPATH_0000160,PRISM2 ICEMR Cohort,icemr_prism2
EUPATH_0000161,PRISM ICEMR Cohort,icemr_prism
EUPATH_0000161,PRISM2 ICEMR Cohort,icemr_prism2
EUPATH_0000161,PRISM2 ICEMR Border Cohort,icemr_prism2_border_cohort
EUPATH_0000162,PRISM ICEMR Cohort,icemr_prism
EUPATH_0000162,PRISM2 ICEMR Cohort,icemr_prism2
EUPATH_0000162,PRISM2 ICEMR Border Cohort,icemr_prism2_border_cohort
EUPATH_0000163,PRISM ICEMR Cohort,icemr_prism
EUPATH_0000163,PRISM2 ICEMR Cohort,icemr_prism2
EUPATH_0000163,PRISM2 ICEMR Border Cohort,icemr_prism2_border_cohort
EUPATH_0000164,Malawi ICEMR Case-Control,icemr_malawi
EUPATH_0000164,PRISM ICEMR Cohort,icemr_prism
EUPATH_0000164,PRISM2 ICEMR Cohort,icemr_prism2
EUPATH_0000164,PRISM2 ICEMR Border Cohort,icemr_prism2_border_cohort
EUPATH_0000165,GEMS1A HUAS Lite Survey,gates_gems1a_huas
EUPATH_0000165,GEMS1 HUAS/HUAS Lite Survey,gates_gems_huas
EUPATH_0000165,PROVIDE Randomized Controlled Trial,gates_provide
EUPATH_0000165,VIDA HUCS Gambia Mali,gates_vida_hucs_gambia_mali
EUPATH_0000165,VIDA HUCS Kenya,gates_vida_hucs_kenya
EUPATH_0000165,PROMOTE BC3 Cohort,general_promote
EUPATH_0000165,PRISM ICEMR Cohort,icemr_prism
EUPATH_0000165,PRISM2 ICEMR Cohort,icemr_prism2
EUPATH_0000165,PRISM2 ICEMR Border Cohort,icemr_prism2_border_cohort
EUPATH_0000166,GANC,gates_ganc
EUPATH_0000166,GEMS1 Case Control,gates_gems
EUPATH_0000166,GEMS1A Case Control,gates_gems1a
EUPATH_0000166,VIDA Case Control,gates_vida
EUPATH_0000166,VIDA HUCS Gambia Mali,gates_vida_hucs_gambia_mali
EUPATH_0000166,VIDA HUCS Kenya,gates_vida_hucs_kenya
EUPATH_0000166,PROMOTE BC3 Cohort,general_promote
EUPATH_0000166,PRISM ICEMR Cohort,icemr_prism
EUPATH_0000167,ELICIT,gates_elicit
EUPATH_0000167,LLINE UP Cluster Randomized Trial,gates_llineup
EUPATH_0000167,MAL-ED 0-60m Cohort,gates_maled
EUPATH_0000167,PROMOTE BC3 Cohort,general_promote
EUPATH_0000167,PRISM ICEMR Cohort,icemr_prism
EUPATH_0000167,PRISM2 ICEMR Cohort,icemr_prism2
EUPATH_0000167,PRISM2 ICEMR Border Cohort,icemr_prism2_border_cohort
EUPATH_0000170,LLINE UP Cluster Randomized Trial,gates_llineup
EUPATH_0000170,PROMOTE BC3 Cohort,general_promote
EUPATH_0000170,PRISM ICEMR Cohort,icemr_prism
EUPATH_0000170,PRISM2 ICEMR Cohort,icemr_prism2
EUPATH_0000170,PRISM2 ICEMR Border Cohort,icemr_prism2_border_cohort
EUPATH_0000171,GANC,gates_ganc
EUPATH_0000171,GEMS1 Case Control,gates_gems
EUPATH_0000171,GEMS1A Case Control,gates_gems1a
EUPATH_0000171,GEMS1 HUAS/HUAS Lite Survey,gates_gems_huas
EUPATH_0000171,LLINE UP Cluster Randomized Trial,gates_llineup
EUPATH_0000171,SHINE,gates_shine
EUPATH_0000171,VIDA Case Control,gates_vida
EUPATH_0000171,VIDA HUCS Gambia Mali,gates_vida_hucs_gambia_mali
EUPATH_0000171,VIDA HUCS Kenya,gates_vida_hucs_kenya
EUPATH_0000171,WASH Benefits Kenya Cluster Randomized Trial,gates_washb_kenya
EUPATH_0000171,PROMOTE BC3 Cohort,general_promote
EUPATH_0000171,Amazonia ICEMR Brazil Cohort,icemr_amazonia_brazil
EUPATH_0000171,Malawi ICEMR Case-Control,icemr_malawi
EUPATH_0000171,PRISM ICEMR Cohort,icemr_prism
EUPATH_0000171,PRISM2 ICEMR Cohort,icemr_prism2
EUPATH_0000171,PRISM2 ICEMR Border Cohort,icemr_prism2_border_cohort
EUPATH_0000179,GANC,gates_ganc
EUPATH_0000179,GEMS1 Case Control,gates_gems
EUPATH_0000179,GEMS1A Case Control,gates_gems1a
EUPATH_0000179,GEMS1 HUAS/HUAS Lite Survey,gates_gems_huas
EUPATH_0000179,LLINE UP Cluster Randomized Trial,gates_llineup
EUPATH_0000179,VIDA Case Control,gates_vida
EUPATH_0000179,VIDA HUCS Gambia Mali,gates_vida_hucs_gambia_mali
EUPATH_0000179,VIDA HUCS Kenya,gates_vida_hucs_kenya
EUPATH_0000179,PROMOTE BC3 Cohort,general_promote
EUPATH_0000179,PRISM ICEMR Cohort,icemr_prism
EUPATH_0000179,PRISM2 ICEMR Cohort,icemr_prism2
EUPATH_0000179,PRISM2 ICEMR Border Cohort,icemr_prism2_border_cohort
EUPATH_0000186,GANC,gates_ganc
EUPATH_0000186,LLINE UP Cluster Randomized Trial,gates_llineup
EUPATH_0000186,PROMOTE BC3 Cohort,general_promote
EUPATH_0000186,PRISM ICEMR Cohort,icemr_prism
EUPATH_0000186,PRISM2 ICEMR Cohort,icemr_prism2
EUPATH_0000186,PRISM2 ICEMR Border Cohort,icemr_prism2_border_cohort
EUPATH_0000191,PROVIDE Randomized Controlled Trial,gates_provide
EUPATH_0000191,India ICEMR Cohort,icemr_india_cohort
EUPATH_0000191,India ICEMR Cross-Sectional,icemr_india_cx
EUPATH_0000191,India ICEMR Fever Surveillance,icemr_india_fever_surv
EUPATH_0000191,Myanmar ICEMR,icemr_myanmar
EUPATH_0000191,PRISM ICEMR Cohort,icemr_prism
EUPATH_0000191,PRISM2 ICEMR Cohort,icemr_prism2
EUPATH_0000191,PRISM2 ICEMR Border Cohort,icemr_prism2_border_cohort
EUPATH_0000192,LLINE UP Cluster Randomized Trial,gates_llineup
EUPATH_0000192,PRISM ICEMR Cohort,icemr_prism
EUPATH_0000192,PRISM2 ICEMR Cohort,icemr_prism2
EUPATH_0000192,PRISM2 ICEMR Border Cohort,icemr_prism2_border_cohort
EUPATH_0000193,LLINE UP Cluster Randomized Trial,gates_llineup
EUPATH_0000193,PRISM ICEMR Cohort,icemr_prism
EUPATH_0000193,PRISM2 ICEMR Cohort,icemr_prism2
EUPATH_0000193,PRISM2 ICEMR Border Cohort,icemr_prism2_border_cohort
EUPATH_0000194,PRISM ICEMR Cohort,icemr_prism
EUPATH_0000194,PRISM2 ICEMR Cohort,icemr_prism2
EUPATH_0000194,PRISM2 ICEMR Border Cohort,icemr_prism2_border_cohort
EUPATH_0000195,PRISM ICEMR Cohort,icemr_prism
EUPATH_0000195,PRISM2 ICEMR Cohort,icemr_prism2
EUPATH_0000195,PRISM2 ICEMR Border Cohort,icemr_prism2_border_cohort
EUPATH_0000196,PRISM ICEMR Cohort,icemr_prism
EUPATH_0000196,PRISM2 ICEMR Cohort,icemr_prism2
EUPATH_0000196,PRISM2 ICEMR Border Cohort,icemr_prism2_border_cohort
EUPATH_0000197,LLINE UP Cluster Randomized Trial,gates_llineup
EUPATH_0000197,PRISM ICEMR Cohort,icemr_prism
EUPATH_0000197,PRISM2 ICEMR Cohort,icemr_prism2
EUPATH_0000197,PRISM2 ICEMR Border Cohort,icemr_prism2_border_cohort
EUPATH_0000198,LLINE UP Cluster Randomized Trial,gates_llineup
EUPATH_0000198,PRISM ICEMR Cohort,icemr_prism
EUPATH_0000198,PRISM2 ICEMR Cohort,icemr_prism2
EUPATH_0000198,PRISM2 ICEMR Border Cohort,icemr_prism2_border_cohort
EUPATH_0000200,LLINE UP Cluster Randomized Trial,gates_llineup
EUPATH_0000200,PRISM ICEMR Cohort,icemr_prism
EUPATH_0000200,PRISM2 ICEMR Cohort,icemr_prism2
EUPATH_0000200,PRISM2 ICEMR Border Cohort,icemr_prism2_border_cohort
EUPATH_0000201,LLINE UP Cluster Randomized Trial,gates_llineup
EUPATH_0000201,PROMOTE BC3 Cohort,general_promote
EUPATH_0000201,Amazonia ICEMR Peru Cohort,icemr_amazonia_peru
EUPATH_0000201,PRISM ICEMR Cohort,icemr_prism
EUPATH_0000201,PRISM2 ICEMR Cohort,icemr_prism2
EUPATH_0000201,PRISM2 ICEMR Border Cohort,icemr_prism2_border_cohort
EUPATH_0000202,PRISM ICEMR Cohort,icemr_prism
EUPATH_0000202,PRISM2 ICEMR Cohort,icemr_prism2
EUPATH_0000202,PRISM2 ICEMR Border Cohort,icemr_prism2_border_cohort
EUPATH_0000203,PRISM ICEMR Cohort,icemr_prism
EUPATH_0000203,PRISM2 ICEMR Cohort,icemr_prism2
EUPATH_0000203,PRISM2 ICEMR Border Cohort,icemr_prism2_border_cohort
EUPATH_0000204,LLINE UP Cluster Randomized Trial,gates_llineup
EUPATH_0000204,PRISM ICEMR Cohort,icemr_prism
EUPATH_0000204,PRISM2 ICEMR Cohort,icemr_prism2
EUPATH_0000204,PRISM2 ICEMR Border Cohort,icemr_prism2_border_cohort
EUPATH_0000205,LLINE UP Cluster Randomized Trial,gates_llineup
EUPATH_0000205,PRISM ICEMR Cohort,icemr_prism
EUPATH_0000205,PRISM2 ICEMR Cohort,icemr_prism2
EUPATH_0000205,PRISM2 ICEMR Border Cohort,icemr_prism2_border_cohort
EUPATH_0000207,GAMIN RCT,gates_gamin
EUPATH_0000207,PROMOTE BC3 Cohort,general_promote
EUPATH_0000207,PRISM ICEMR Cohort,icemr_prism
EUPATH_0000207,PRISM2 ICEMR Cohort,icemr_prism2
EUPATH_0000207,PRISM2 ICEMR Border Cohort,icemr_prism2_border_cohort
EUPATH_0000208,PROVIDE Randomized Controlled Trial,gates_provide
EUPATH_0000208,Kalifabougou,general_kalifabougou
EUPATH_0000208,PROMOTE BC3 Cohort,general_promote
EUPATH_0000208,PRISM ICEMR Cohort,icemr_prism
EUPATH_0000208,PRISM2 ICEMR Cohort,icemr_prism2
EUPATH_0000208,PRISM2 ICEMR Border Cohort,icemr_prism2_border_cohort
EUPATH_0000215,India ICEMR Cohort,icemr_india_cohort
EUPATH_0000215,India ICEMR Cross-Sectional,icemr_india_cx
EUPATH_0000216,LLINE UP Cluster Randomized Trial,gates_llineup
EUPATH_0000216,PROMOTE BC3 Cohort,general_promote
EUPATH_0000216,Amazonia ICEMR Brazil Cohort,icemr_amazonia_brazil
EUPATH_0000216,India ICEMR Behavior Cross-sectional,icemr_india_behavior
EUPATH_0000216,PRISM ICEMR Cohort,icemr_prism
EUPATH_0000216,PRISM2 ICEMR Cohort,icemr_prism2
EUPATH_0000216,PRISM2 ICEMR Border Cohort,icemr_prism2_border_cohort
EUPATH_0000216,West Africa ICEMR,icemr_west_africa
EUPATH_0000217,PRISM ICEMR Cohort,icemr_prism
EUPATH_0000218,PRISM ICEMR Cohort,icemr_prism
EUPATH_0000219,PRISM ICEMR Cohort,icemr_prism
EUPATH_0000219,PRISM2 ICEMR Cohort,icemr_prism2
EUPATH_0000219,PRISM2 ICEMR Border Cohort,icemr_prism2_border_cohort
EUPATH_0000256,GEMS1 Case Control,gates_gems
EUPATH_0000256,GEMS1A Case Control,gates_gems1a
EUPATH_0000256,VIDA Case Control,gates_vida
EUPATH_0000257,GEMS1 Case Control,gates_gems
EUPATH_0000257,GEMS1A Case Control,gates_gems1a
EUPATH_0000257,VIDA Case Control,gates_vida
EUPATH_0000302,ELICIT,gates_elicit
EUPATH_0000302,GANC,gates_ganc
EUPATH_0000302,GEMS1 Case Control,gates_gems
EUPATH_0000302,GEMS1A Case Control,gates_gems1a
EUPATH_0000302,LLINE UP Cluster Randomized Trial,gates_llineup
EUPATH_0000302,MAL-ED 0-60m Cohort,gates_maled
EUPATH_0000302,PERCH Case Control,gates_perch
EUPATH_0000302,PROVIDE Randomized Controlled Trial,gates_provide
EUPATH_0000302,SHINE,gates_shine
EUPATH_0000302,VIDA Case Control,gates_vida
EUPATH_0000302,WASH Benefits Kenya Cluster Randomized Trial,gates_washb_kenya
EUPATH_0000302,PROMOTE BC3 Cohort,general_promote
EUPATH_0000302,Amazonia ICEMR Brazil Cohort,icemr_amazonia_brazil
EUPATH_0000302,Amazonia ICEMR Peru Cohort,icemr_amazonia_peru
EUPATH_0000302,India ICEMR Behavior Cross-sectional,icemr_india_behavior
EUPATH_0000302,India ICEMR Meghalaya Cohort,icemr_india_meghalaya
EUPATH_0000302,Malawi ICEMR Case-Control,icemr_malawi
EUPATH_0000302,PRISM ICEMR Cohort,icemr_prism
EUPATH_0000302,PRISM2 ICEMR Cohort,icemr_prism2
EUPATH_0000302,PRISM2 ICEMR Border Cohort,icemr_prism2_border_cohort
EUPATH_0000303,ELICIT,gates_elicit
EUPATH_0000303,GANC,gates_ganc
EUPATH_0000303,GEMS1 Case Control,gates_gems
EUPATH_0000303,GEMS1A Case Control,gates_gems1a
EUPATH_0000303,GEMS1 HUAS/HUAS Lite Survey,gates_gems_huas
EUPATH_0000303,LLINE UP Cluster Randomized Trial,gates_llineup
EUPATH_0000303,MAL-ED 0-60m Cohort,gates_maled
EUPATH_0000303,PROVIDE Randomized Controlled Trial,gates_provide
EUPATH_0000303,SHINE,gates_shine
EUPATH_0000303,VIDA Case Control,gates_vida
EUPATH_0000303,VIDA HUCS Gambia Mali,gates_vida_hucs_gambia_mali
EUPATH_0000303,VIDA HUCS Kenya,gates_vida_hucs_kenya
EUPATH_0000303,WASHb BNG Cluster Randomized Trial,gates_washb_bangladesh
EUPATH_0000303,WASH Benefits Kenya Cluster Randomized Trial,gates_washb_kenya
EUPATH_0000303,PROMOTE BC3 Cohort,general_promote
EUPATH_0000303,Amazonia ICEMR Brazil Cohort,icemr_amazonia_brazil
EUPATH_0000303,Amazonia ICEMR Peru Cohort,icemr_amazonia_peru
EUPATH_0000303,India ICEMR Behavior Cross-sectional,icemr_india_behavior
EUPATH_0000303,India ICEMR Cohort,icemr_india_cohort
EUPATH_0000303,India ICEMR Cross-Sectional,icemr_india_cx
EUPATH_0000303,India ICEMR Meghalaya Cohort,icemr_india_meghalaya
EUPATH_0000303,India ICEMR Severe P.vivax and falciparum Cohort,icemr_india_severe_malaria
EUPATH_0000303,Malawi ICEMR Case-Control,icemr_malawi
EUPATH_0000303,PRISM ICEMR Cohort,icemr_prism
EUPATH_0000303,PRISM2 ICEMR Cohort,icemr_prism2
EUPATH_0000303,PRISM2 ICEMR Border Cohort,icemr_prism2_border_cohort
EUPATH_0000303,Southeast Asia ICEMR Surveillance,icemr_southeast_asia
EUPATH_0000304,"avenir,baseline",gates_avenir
EUPATH_0000304,ELICIT,gates_elicit
EUPATH_0000304,GANC,gates_ganc
EUPATH_0000304,GEMS1 Case Control,gates_gems
EUPATH_0000304,GEMS1A Case Control,gates_gems1a
EUPATH_0000304,GEMS1 HUAS/HUAS Lite Survey,gates_gems_huas
EUPATH_0000304,LLINE UP Cluster Randomized Trial,gates_llineup
EUPATH_0000304,MAL-ED 0-60m Cohort,gates_maled
EUPATH_0000304,PROVIDE Randomized Controlled Trial,gates_provide
EUPATH_0000304,SHINE,gates_shine
EUPATH_0000304,VIDA Case Control,gates_vida
EUPATH_0000304,VIDA HUCS Gambia Mali,gates_vida_hucs_gambia_mali
EUPATH_0000304,VIDA HUCS Kenya,gates_vida_hucs_kenya
EUPATH_0000304,WASHb BNG Cluster Randomized Trial,gates_washb_bangladesh
EUPATH_0000304,WASH Benefits Kenya Cluster Randomized Trial,gates_washb_kenya
EUPATH_0000304,PROMOTE BC3 Cohort,general_promote
EUPATH_0000304,Amazonia ICEMR Brazil Cohort,icemr_amazonia_brazil
EUPATH_0000304,Amazonia ICEMR Peru Cohort,icemr_amazonia_peru
EUPATH_0000304,India ICEMR Behavior Cross-sectional,icemr_india_behavior
EUPATH_0000304,India ICEMR Cohort,icemr_india_cohort
EUPATH_0000304,India ICEMR Cross-Sectional,icemr_india_cx
EUPATH_0000304,India ICEMR DAMaN,icemr_india_daman
EUPATH_0000304,India ICEMR Meghalaya Cohort,icemr_india_meghalaya
EUPATH_0000304,India ICEMR Severe P.vivax and falciparum Cohort,icemr_india_severe_malaria
EUPATH_0000304,Malawi ICEMR Case-Control,icemr_malawi
EUPATH_0000304,Myanmar ICEMR,icemr_myanmar
EUPATH_0000304,PRISM ICEMR Cohort,icemr_prism
EUPATH_0000304,PRISM2 ICEMR Cohort,icemr_prism2
EUPATH_0000304,PRISM2 ICEMR Border Cohort,icemr_prism2_border_cohort
EUPATH_0000306,PROVIDE Randomized Controlled Trial,gates_provide
EUPATH_0000306,SIP,gates_sip
EUPATH_0000306,Amazonia ICEMR Brazil Cohort,icemr_amazonia_brazil
EUPATH_0000306,India ICEMR Cross-Sectional,icemr_india_cx
EUPATH_0000306,India ICEMR Severe P.vivax and falciparum Cohort,icemr_india_severe_malaria
EUPATH_0000306,PRISM ICEMR Cohort,icemr_prism
EUPATH_0000308,"avenir,baseline",gates_avenir
EUPATH_0000308,GAMIN RCT,gates_gamin
EUPATH_0000308,GEMS1 Case Control,gates_gems
EUPATH_0000308,GEMS1A Case Control,gates_gems1a
EUPATH_0000308,GEMS1A HUAS Lite Survey,gates_gems1a_huas
EUPATH_0000308,GEMS1 HUAS/HUAS Lite Survey,gates_gems_huas
EUPATH_0000308,MAL-ED 0-60m Cohort,gates_maled
EUPATH_0000308,PERCH Case Control,gates_perch
EUPATH_0000308,PROVIDE Randomized Controlled Trial,gates_provide
EUPATH_0000308,SIP,gates_sip
EUPATH_0000308,VIDA Case Control,gates_vida
EUPATH_0000308,VIDA HUCS Gambia Mali,gates_vida_hucs_gambia_mali
EUPATH_0000308,VIDA HUCS Kenya,gates_vida_hucs_kenya
EUPATH_0000308,PROMOTE BC3 Cohort,general_promote
EUPATH_0000308,India ICEMR Severe P.vivax and falciparum Cohort,icemr_india_severe_malaria
EUPATH_0000308,PRISM ICEMR Cohort,icemr_prism
EUPATH_0000308,PRISM2 ICEMR Cohort,icemr_prism2
EUPATH_0000308,PRISM2 ICEMR Border Cohort,icemr_prism2_border_cohort
EUPATH_0000308,South Asia ICEMR Surveillance,icemr_south_asia
EUPATH_0000309,"avenir,baseline",gates_avenir
EUPATH_0000309,GAMIN RCT,gates_gamin
EUPATH_0000309,GEMS1 Case Control,gates_gems
EUPATH_0000309,GEMS1A Case Control,gates_gems1a
EUPATH_0000309,GEMS1A HUAS Lite Survey,gates_gems1a_huas
EUPATH_0000309,GEMS1 HUAS/HUAS Lite Survey,gates_gems_huas
EUPATH_0000309,LLINE UP Cluster Randomized Trial,gates_llineup
EUPATH_0000309,MAL-ED 0-60m Cohort,gates_maled
EUPATH_0000309,PERCH Case Control,gates_perch
EUPATH_0000309,PROVIDE Randomized Controlled Trial,gates_provide
EUPATH_0000309,SHINE,gates_shine
EUPATH_0000309,SIP,gates_sip
EUPATH_0000309,VIDA Case Control,gates_vida
EUPATH_0000309,VIDA HUCS Gambia Mali,gates_vida_hucs_gambia_mali
EUPATH_0000309,VIDA HUCS Kenya,gates_vida_hucs_kenya
EUPATH_0000309,WASHb BNG Cluster Randomized Trial,gates_washb_bangladesh
EUPATH_0000309,WASH Benefits Kenya Cluster Randomized Trial,gates_washb_kenya
EUPATH_0000309,Kalifabougou,general_kalifabougou
EUPATH_0000309,PROMOTE BC3 Cohort,general_promote
EUPATH_0000309,UMSP Surveillance,general_umsp
EUPATH_0000309,Amazonia ICEMR Brazil Cohort,icemr_amazonia_brazil
EUPATH_0000309,Amazonia ICEMR Peru Cohort,icemr_amazonia_peru
EUPATH_0000309,India ICEMR Behavior Cross-sectional,icemr_india_behavior
EUPATH_0000309,India ICEMR Cohort,icemr_india_cohort
EUPATH_0000309,India ICEMR Cross-Sectional,icemr_india_cx
EUPATH_0000309,India ICEMR DAMaN,icemr_india_daman
EUPATH_0000309,India ICEMR Fever Surveillance,icemr_india_fever_surv
EUPATH_0000309,India ICEMR Meghalaya Cohort,icemr_india_meghalaya
EUPATH_0000309,India ICEMR Severe P.vivax and falciparum Cohort,icemr_india_severe_malaria
EUPATH_0000309,Malawi ICEMR Case-Control,icemr_malawi
EUPATH_0000309,Myanmar ICEMR,icemr_myanmar
EUPATH_0000309,PRISM ICEMR Cohort,icemr_prism
EUPATH_0000309,PRISM2 ICEMR Cohort,icemr_prism2
EUPATH_0000309,PRISM2 ICEMR Border Cohort,icemr_prism2_border_cohort
EUPATH_0000309,South Asia ICEMR Surveillance,icemr_south_asia
EUPATH_0000309,Southern Africa ICEMR Cross-sectional,icemr_southern_africa
EUPATH_0000309,West Africa ICEMR,icemr_west_africa
EUPATH_0000310,,gates_avenir
EUPATH_0000310,ELICIT,gates_elicit
EUPATH_0000310,GAMIN RCT,gates_gamin
EUPATH_0000310,GANC,gates_ganc
EUPATH_0000310,GEMS1 Case Control,gates_gems
EUPATH_0000310,GEMS1A Case Control,gates_gems1a
EUPATH_0000310,GEMS1A HUAS Lite Survey,gates_gems1a_huas
EUPATH_0000310,GEMS1 HUAS/HUAS Lite Survey,gates_gems_huas
EUPATH_0000310,LLINE UP Cluster Randomized Trial,gates_llineup
EUPATH_0000310,MAL-ED 0-60m Cohort,gates_maled
EUPATH_0000310,mordor,gates_mordor
EUPATH_0000310,Preventing Congenital Syphilis,gates_pcs
EUPATH_0000310,PERCH Case Control,gates_perch
EUPATH_0000310,PROVIDE Randomized Controlled Trial,gates_provide
EUPATH_0000310,SCORE Burundi,gates_score_burundi
EUPATH_0000310,SCORE Five Country,gates_score_five_country
EUPATH_0000310,SCORE Mozambique Cluster Randomized Trial,gates_score_moz
EUPATH_0000310,SCORE Niger Cluster Randomized Trial,gates_score_nig
EUPATH_0000310,SCORE Rwanda,gates_score_rwanda
EUPATH_0000310,SCORE Seasonal,gates_score_seasonal
EUPATH_0000310,SCORE Sm Cohort,gates_score_sm_cohort
EUPATH_0000310,SCORE S. mansoni Cluster Randomized Trial,gates_score_sm_crt
EUPATH_0000310,SCORE Zanzibar,gates_score_zanzibar
EUPATH_0000310,SHINE,gates_shine
EUPATH_0000310,SIP,gates_sip
EUPATH_0000310,VIDA Case Control,gates_vida
EUPATH_0000310,VIDA HUCS Gambia Mali,gates_vida_hucs_gambia_mali
EUPATH_0000310,VIDA HUCS Kenya,gates_vida_hucs_kenya
EUPATH_0000310,WASHb BNG Cluster Randomized Trial,gates_washb_bangladesh
EUPATH_0000310,WASH Benefits Kenya Cluster Randomized Trial,gates_washb_kenya
EUPATH_0000310,Kalifabougou,general_kalifabougou
EUPATH_0000310,PROMOTE BC3 Cohort,general_promote
EUPATH_0000310,UMSP Surveillance,general_umsp
EUPATH_0000310,Amazonia ICEMR Brazil Cohort,icemr_amazonia_brazil
EUPATH_0000310,Amazonia ICEMR Peru Cohort,icemr_amazonia_peru
EUPATH_0000310,India ICEMR Behavior Cross-sectional,icemr_india_behavior
EUPATH_0000310,India ICEMR Cohort,icemr_india_cohort
EUPATH_0000310,India ICEMR Cross-Sectional,icemr_india_cx
EUPATH_0000310,India ICEMR DAMaN,icemr_india_daman
EUPATH_0000310,India ICEMR Fever Surveillance,icemr_india_fever_surv
EUPATH_0000310,India ICEMR Meghalaya Cohort,icemr_india_meghalaya
EUPATH_0000310,India ICEMR Severe P.vivax and falciparum Cohort,icemr_india_severe_malaria
EUPATH_0000310,Malawi ICEMR Case-Control,icemr_malawi
EUPATH_0000310,Myanmar ICEMR,icemr_myanmar
EUPATH_0000310,PRISM ICEMR Cohort,icemr_prism
EUPATH_0000310,PRISM2 ICEMR Cohort,icemr_prism2
EUPATH_0000310,PRISM2 ICEMR Border Cohort,icemr_prism2_border_cohort
EUPATH_0000310,South Asia ICEMR Surveillance,icemr_south_asia
EUPATH_0000310,Southeast Asia ICEMR Surveillance,icemr_southeast_asia
EUPATH_0000310,Southern Africa ICEMR Cross-sectional,icemr_southern_africa
EUPATH_0000310,West Africa ICEMR,icemr_west_africa
EUPATH_0000317,PROMOTE BC3 Cohort,general_promote
EUPATH_0000317,UMSP Surveillance,general_umsp
EUPATH_0000317,Malawi ICEMR Case-Control,icemr_malawi
EUPATH_0000317,PRISM ICEMR Cohort,icemr_prism
EUPATH_0000317,PRISM2 ICEMR Cohort,icemr_prism2
EUPATH_0000317,PRISM2 ICEMR Border Cohort,icemr_prism2_border_cohort
EUPATH_0000318,SIP,gates_sip
EUPATH_0000318,VIDA HUCS Gambia Mali,gates_vida_hucs_gambia_mali
EUPATH_0000318,PRISM ICEMR Cohort,icemr_prism
EUPATH_0000319,PERCH Case Control,gates_perch
EUPATH_0000319,SIP,gates_sip
EUPATH_0000319,India ICEMR Severe P.vivax and falciparum Cohort,icemr_india_severe_malaria
EUPATH_0000319,PRISM ICEMR Cohort,icemr_prism
EUPATH_0000319,PRISM2 ICEMR Cohort,icemr_prism2
EUPATH_0000320,PERCH Case Control,gates_perch
EUPATH_0000320,SIP,gates_sip
EUPATH_0000320,VIDA Case Control,gates_vida
EUPATH_0000320,India ICEMR Severe P.vivax and falciparum Cohort,icemr_india_severe_malaria
EUPATH_0000320,PRISM ICEMR Cohort,icemr_prism
EUPATH_0000321,GEMS1 Case Control,gates_gems
EUPATH_0000321,GEMS1A Case Control,gates_gems1a
EUPATH_0000321,PERCH Case Control,gates_perch
EUPATH_0000321,SIP,gates_sip
EUPATH_0000321,VIDA Case Control,gates_vida
EUPATH_0000321,India ICEMR Severe P.vivax and falciparum Cohort,icemr_india_severe_malaria
EUPATH_0000322,LLINE UP Cluster Randomized Trial,gates_llineup
EUPATH_0000322,PRISM ICEMR Cohort,icemr_prism
EUPATH_0000322,PRISM2 ICEMR Cohort,icemr_prism2
EUPATH_0000322,PRISM2 ICEMR Border Cohort,icemr_prism2_border_cohort
EUPATH_0000323,LLINE UP Cluster Randomized Trial,gates_llineup
EUPATH_0000323,PRISM ICEMR Cohort,icemr_prism
EUPATH_0000323,PRISM2 ICEMR Cohort,icemr_prism2
EUPATH_0000323,PRISM2 ICEMR Border Cohort,icemr_prism2_border_cohort
EUPATH_0000324,PRISM ICEMR Cohort,icemr_prism
EUPATH_0000324,PRISM2 ICEMR Cohort,icemr_prism2
EUPATH_0000324,PRISM2 ICEMR Border Cohort,icemr_prism2_border_cohort
EUPATH_0000325,PRISM ICEMR Cohort,icemr_prism
EUPATH_0000335,GANC,gates_ganc
EUPATH_0000335,GEMS1 Case Control,gates_gems
EUPATH_0000335,GEMS1A Case Control,gates_gems1a
EUPATH_0000335,LLINE UP Cluster Randomized Trial,gates_llineup
EUPATH_0000335,PROVIDE Randomized Controlled Trial,gates_provide
EUPATH_0000335,SHINE,gates_shine
EUPATH_0000335,VIDA Case Control,gates_vida
EUPATH_0000335,PROMOTE BC3 Cohort,general_promote
EUPATH_0000335,Amazonia ICEMR Peru Cohort,icemr_amazonia_peru
EUPATH_0000335,India ICEMR Behavior Cross-sectional,icemr_india_behavior
EUPATH_0000335,India ICEMR Meghalaya Cohort,icemr_india_meghalaya
EUPATH_0000335,Malawi ICEMR Case-Control,icemr_malawi
EUPATH_0000335,PRISM ICEMR Cohort,icemr_prism
EUPATH_0000335,PRISM2 ICEMR Cohort,icemr_prism2
EUPATH_0000335,PRISM2 ICEMR Border Cohort,icemr_prism2_border_cohort
EUPATH_0000338,PRISM ICEMR Cohort,icemr_prism
EUPATH_0000338,PRISM2 ICEMR Cohort,icemr_prism2
EUPATH_0000338,PRISM2 ICEMR Border Cohort,icemr_prism2_border_cohort
EUPATH_0000341,LLINE UP Cluster Randomized Trial,gates_llineup
EUPATH_0000341,Kalifabougou,general_kalifabougou
EUPATH_0000341,PROMOTE BC3 Cohort,general_promote
EUPATH_0000341,Amazonia ICEMR Brazil Cohort,icemr_amazonia_brazil
EUPATH_0000341,Amazonia ICEMR Peru Cohort,icemr_amazonia_peru
EUPATH_0000341,India ICEMR Behavior Cross-sectional,icemr_india_behavior
EUPATH_0000341,India ICEMR Cohort,icemr_india_cohort
EUPATH_0000341,India ICEMR Cross-Sectional,icemr_india_cx
EUPATH_0000341,India ICEMR Meghalaya Cohort,icemr_india_meghalaya
EUPATH_0000341,India ICEMR Severe P.vivax and falciparum Cohort,icemr_india_severe_malaria
EUPATH_0000341,PRISM2 ICEMR Cohort,icemr_prism2
EUPATH_0000341,PRISM2 ICEMR Border Cohort,icemr_prism2_border_cohort
EUPATH_0000342,SCORE S. mansoni Cluster Randomized Trial,gates_score_sm_crt
EUPATH_0000342,Amazonia ICEMR Brazil Cohort,icemr_amazonia_brazil
EUPATH_0000342,Amazonia ICEMR Peru Cohort,icemr_amazonia_peru
EUPATH_0000342,India ICEMR Behavior Cross-sectional,icemr_india_behavior
EUPATH_0000342,India ICEMR Cohort,icemr_india_cohort
EUPATH_0000342,India ICEMR Cross-Sectional,icemr_india_cx
EUPATH_0000342,India ICEMR DAMaN,icemr_india_daman
EUPATH_0000342,India ICEMR Fever Surveillance,icemr_india_fever_surv
EUPATH_0000342,India ICEMR Meghalaya Cohort,icemr_india_meghalaya
EUPATH_0000342,India ICEMR Severe P.vivax and falciparum Cohort,icemr_india_severe_malaria
EUPATH_0000342,Myanmar ICEMR,icemr_myanmar
EUPATH_0000342,South Asia ICEMR Surveillance,icemr_south_asia
EUPATH_0000342,Southeast Asia ICEMR Surveillance,icemr_southeast_asia
EUPATH_0000343,"avenir,baseline",gates_avenir
EUPATH_0000343,GEMS1 Case Control,gates_gems
EUPATH_0000343,GEMS1A Case Control,gates_gems1a
EUPATH_0000343,VIDA Case Control,gates_vida
EUPATH_0000343,India ICEMR Cohort,icemr_india_cohort
EUPATH_0000343,India ICEMR Cross-Sectional,icemr_india_cx
EUPATH_0000343,India ICEMR Meghalaya Cohort,icemr_india_meghalaya
EUPATH_0000344,India ICEMR Cohort,icemr_india_cohort
EUPATH_0000344,India ICEMR Cross-Sectional,icemr_india_cx
EUPATH_0000344,India ICEMR Severe P.vivax and falciparum Cohort,icemr_india_severe_malaria
EUPATH_0000346,Amazonia ICEMR Peru Cohort,icemr_amazonia_peru
EUPATH_0000347,Amazonia ICEMR Peru Cohort,icemr_amazonia_peru
EUPATH_0000348,Amazonia ICEMR Peru Cohort,icemr_amazonia_peru
EUPATH_0000349,Amazonia ICEMR Peru Cohort,icemr_amazonia_peru
EUPATH_0000350,Amazonia ICEMR Peru Cohort,icemr_amazonia_peru
EUPATH_0000351,Amazonia ICEMR Peru Cohort,icemr_amazonia_peru
EUPATH_0000355,Amazonia ICEMR Brazil Cohort,icemr_amazonia_brazil
EUPATH_0000355,Amazonia ICEMR Peru Cohort,icemr_amazonia_peru
EUPATH_0000358,Amazonia ICEMR Peru Cohort,icemr_amazonia_peru
EUPATH_0000359,SCORE S. mansoni Cluster Randomized Trial,gates_score_sm_crt
EUPATH_0000359,Amazonia ICEMR Brazil Cohort,icemr_amazonia_brazil
EUPATH_0000359,Amazonia ICEMR Peru Cohort,icemr_amazonia_peru
EUPATH_0000359,India ICEMR Behavior Cross-sectional,icemr_india_behavior
EUPATH_0000359,India ICEMR Cohort,icemr_india_cohort
EUPATH_0000359,India ICEMR Cross-Sectional,icemr_india_cx
EUPATH_0000359,India ICEMR DAMaN,icemr_india_daman
EUPATH_0000359,India ICEMR Fever Surveillance,icemr_india_fever_surv
EUPATH_0000359,India ICEMR Meghalaya Cohort,icemr_india_meghalaya
EUPATH_0000359,India ICEMR Severe P.vivax and falciparum Cohort,icemr_india_severe_malaria
EUPATH_0000359,Myanmar ICEMR,icemr_myanmar
EUPATH_0000359,South Asia ICEMR Surveillance,icemr_south_asia
EUPATH_0000359,Southeast Asia ICEMR Surveillance,icemr_southeast_asia
EUPATH_0000360,Amazonia ICEMR Peru Cohort,icemr_amazonia_peru
EUPATH_0000361,Amazonia ICEMR Peru Cohort,icemr_amazonia_peru
EUPATH_0000362,Amazonia ICEMR Peru Cohort,icemr_amazonia_peru
EUPATH_0000363,Amazonia ICEMR Peru Cohort,icemr_amazonia_peru
EUPATH_0000364,Amazonia ICEMR Peru Cohort,icemr_amazonia_peru
EUPATH_0000365,Amazonia ICEMR Peru Cohort,icemr_amazonia_peru
EUPATH_0000366,Amazonia ICEMR Peru Cohort,icemr_amazonia_peru
EUPATH_0000367,Amazonia ICEMR Peru Cohort,icemr_amazonia_peru
EUPATH_0000374,GANC,gates_ganc
EUPATH_0000374,Preventing Congenital Syphilis,gates_pcs
EUPATH_0000374,SHINE,gates_shine
EUPATH_0000374,Amazonia ICEMR Peru Cohort,icemr_amazonia_peru
EUPATH_0000375,Amazonia ICEMR Peru Cohort,icemr_amazonia_peru
EUPATH_0000376,LLINE UP Cluster Randomized Trial,gates_llineup
EUPATH_0000376,Amazonia ICEMR Peru Cohort,icemr_amazonia_peru
EUPATH_0000377,PROVIDE Randomized Controlled Trial,gates_provide
EUPATH_0000377,Amazonia ICEMR Brazil Cohort,icemr_amazonia_brazil
EUPATH_0000377,Amazonia ICEMR Peru Cohort,icemr_amazonia_peru
EUPATH_0000378,Amazonia ICEMR Brazil Cohort,icemr_amazonia_brazil
EUPATH_0000378,Amazonia ICEMR Peru Cohort,icemr_amazonia_peru
EUPATH_0000379,Amazonia ICEMR Peru Cohort,icemr_amazonia_peru
EUPATH_0000380,Amazonia ICEMR Peru Cohort,icemr_amazonia_peru
EUPATH_0000381,PROVIDE Randomized Controlled Trial,gates_provide
EUPATH_0000381,Amazonia ICEMR Peru Cohort,icemr_amazonia_peru
EUPATH_0000383,PROVIDE Randomized Controlled Trial,gates_provide
EUPATH_0000383,Amazonia ICEMR Peru Cohort,icemr_amazonia_peru
EUPATH_0000387,South Asia ICEMR Surveillance,icemr_south_asia
EUPATH_0000389,Amazonia ICEMR Peru Cohort,icemr_amazonia_peru
EUPATH_0000390,Amazonia ICEMR Peru Cohort,icemr_amazonia_peru
EUPATH_0000390,India ICEMR Meghalaya Cohort,icemr_india_meghalaya
EUPATH_0000390,PRISM2 ICEMR Cohort,icemr_prism2
EUPATH_0000391,Amazonia ICEMR Peru Cohort,icemr_amazonia_peru
EUPATH_0000392,Amazonia ICEMR Peru Cohort,icemr_amazonia_peru
EUPATH_0000395,India ICEMR Cohort,icemr_india_cohort
EUPATH_0000395,India ICEMR Cross-Sectional,icemr_india_cx
EUPATH_0000396,India ICEMR Cohort,icemr_india_cohort
EUPATH_0000396,India ICEMR Cross-Sectional,icemr_india_cx
EUPATH_0000398,India ICEMR Cohort,icemr_india_cohort
EUPATH_0000398,India ICEMR Cross-Sectional,icemr_india_cx
EUPATH_0000399,India ICEMR Cohort,icemr_india_cohort
EUPATH_0000399,India ICEMR Cross-Sectional,icemr_india_cx
EUPATH_0000400,India ICEMR Cohort,icemr_india_cohort
EUPATH_0000400,India ICEMR Cross-Sectional,icemr_india_cx
EUPATH_0000400,PRISM2 ICEMR Cohort,icemr_prism2
EUPATH_0000400,PRISM2 ICEMR Border Cohort,icemr_prism2_border_cohort
EUPATH_0000401,India ICEMR Cohort,icemr_india_cohort
EUPATH_0000401,India ICEMR Cross-Sectional,icemr_india_cx
EUPATH_0000407,India ICEMR Cohort,icemr_india_cohort
EUPATH_0000407,India ICEMR Cross-Sectional,icemr_india_cx
EUPATH_0000409,India ICEMR Cohort,icemr_india_cohort
EUPATH_0000409,India ICEMR Cross-Sectional,icemr_india_cx
EUPATH_0000410,Amazonia ICEMR Peru Cohort,icemr_amazonia_peru
EUPATH_0000410,India ICEMR Cohort,icemr_india_cohort
EUPATH_0000410,India ICEMR Cross-Sectional,icemr_india_cx
EUPATH_0000410,India ICEMR Fever Surveillance,icemr_india_fever_surv
EUPATH_0000410,Southern Africa ICEMR Cross-sectional,icemr_southern_africa
EUPATH_0000411,India ICEMR Cohort,icemr_india_cohort
EUPATH_0000411,India ICEMR Cross-Sectional,icemr_india_cx
EUPATH_0000411,India ICEMR Fever Surveillance,icemr_india_fever_surv
EUPATH_0000412,India ICEMR Cohort,icemr_india_cohort
EUPATH_0000412,India ICEMR Cross-Sectional,icemr_india_cx
EUPATH_0000412,India ICEMR Fever Surveillance,icemr_india_fever_surv
EUPATH_0000413,India ICEMR Cohort,icemr_india_cohort
EUPATH_0000413,India ICEMR Cross-Sectional,icemr_india_cx
EUPATH_0000413,India ICEMR Fever Surveillance,icemr_india_fever_surv
EUPATH_0000414,PROMOTE BC3 Cohort,general_promote
EUPATH_0000414,India ICEMR Cohort,icemr_india_cohort
EUPATH_0000414,India ICEMR Cross-Sectional,icemr_india_cx
EUPATH_0000417,India ICEMR Behavior Cross-sectional,icemr_india_behavior
EUPATH_0000417,India ICEMR Cohort,icemr_india_cohort
EUPATH_0000417,India ICEMR Cross-Sectional,icemr_india_cx
EUPATH_0000417,India ICEMR Fever Surveillance,icemr_india_fever_surv
EUPATH_0000418,SHINE,gates_shine
EUPATH_0000418,India ICEMR Cohort,icemr_india_cohort
EUPATH_0000418,India ICEMR Cross-Sectional,icemr_india_cx
EUPATH_0000418,India ICEMR Meghalaya Cohort,icemr_india_meghalaya
EUPATH_0000419,India ICEMR Cohort,icemr_india_cohort
EUPATH_0000419,India ICEMR Cross-Sectional,icemr_india_cx
EUPATH_0000423,GAMIN RCT,gates_gamin
EUPATH_0000423,PROMOTE BC3 Cohort,general_promote
EUPATH_0000423,Amazonia ICEMR Brazil Cohort,icemr_amazonia_brazil
EUPATH_0000423,Amazonia ICEMR Peru Cohort,icemr_amazonia_peru
EUPATH_0000423,India ICEMR Behavior Cross-sectional,icemr_india_behavior
EUPATH_0000423,India ICEMR Cohort,icemr_india_cohort
EUPATH_0000423,India ICEMR Cross-Sectional,icemr_india_cx
EUPATH_0000423,India ICEMR Fever Surveillance,icemr_india_fever_surv
EUPATH_0000423,India ICEMR Severe P.vivax and falciparum Cohort,icemr_india_severe_malaria
EUPATH_0000423,PRISM2 ICEMR Cohort,icemr_prism2
EUPATH_0000423,Southeast Asia ICEMR Surveillance,icemr_southeast_asia
EUPATH_0000423,West Africa ICEMR,icemr_west_africa
EUPATH_0000424,India ICEMR Cohort,icemr_india_cohort
EUPATH_0000424,India ICEMR Cross-Sectional,icemr_india_cx
EUPATH_0000424,Southeast Asia ICEMR Surveillance,icemr_southeast_asia
EUPATH_0000425,India ICEMR Cohort,icemr_india_cohort
EUPATH_0000425,India ICEMR Cross-Sectional,icemr_india_cx
EUPATH_0000425,India ICEMR Fever Surveillance,icemr_india_fever_surv
EUPATH_0000426,India ICEMR Behavior Cross-sectional,icemr_india_behavior
EUPATH_0000426,India ICEMR Cohort,icemr_india_cohort
EUPATH_0000426,India ICEMR Cross-Sectional,icemr_india_cx
EUPATH_0000426,India ICEMR Fever Surveillance,icemr_india_fever_surv
EUPATH_0000426,India ICEMR Meghalaya Cohort,icemr_india_meghalaya
EUPATH_0000426,India ICEMR Severe P.vivax and falciparum Cohort,icemr_india_severe_malaria
EUPATH_0000427,Amazonia ICEMR Brazil Cohort,icemr_amazonia_brazil
EUPATH_0000427,India ICEMR Behavior Cross-sectional,icemr_india_behavior
EUPATH_0000427,India ICEMR Cohort,icemr_india_cohort
EUPATH_0000427,India ICEMR Cross-Sectional,icemr_india_cx
EUPATH_0000427,India ICEMR DAMaN,icemr_india_daman
EUPATH_0000427,India ICEMR Fever Surveillance,icemr_india_fever_surv
EUPATH_0000427,India ICEMR Meghalaya Cohort,icemr_india_meghalaya
EUPATH_0000428,India ICEMR Behavior Cross-sectional,icemr_india_behavior
EUPATH_0000428,India ICEMR Cohort,icemr_india_cohort
EUPATH_0000428,India ICEMR Cross-Sectional,icemr_india_cx
EUPATH_0000428,India ICEMR Fever Surveillance,icemr_india_fever_surv
EUPATH_0000428,India ICEMR Meghalaya Cohort,icemr_india_meghalaya
EUPATH_0000428,PRISM2 ICEMR Cohort,icemr_prism2
EUPATH_0000428,PRISM2 ICEMR Border Cohort,icemr_prism2_border_cohort
EUPATH_0000429,India ICEMR Cohort,icemr_india_cohort
EUPATH_0000429,India ICEMR Cross-Sectional,icemr_india_cx
EUPATH_0000429,India ICEMR Fever Surveillance,icemr_india_fever_surv
EUPATH_0000430,India ICEMR Behavior Cross-sectional,icemr_india_behavior
EUPATH_0000430,India ICEMR Cohort,icemr_india_cohort
EUPATH_0000430,India ICEMR Cross-Sectional,icemr_india_cx
EUPATH_0000430,India ICEMR Fever Surveillance,icemr_india_fever_surv
EUPATH_0000430,India ICEMR Severe P.vivax and falciparum Cohort,icemr_india_severe_malaria
EUPATH_0000431,India ICEMR Behavior Cross-sectional,icemr_india_behavior
EUPATH_0000431,India ICEMR Cohort,icemr_india_cohort
EUPATH_0000431,India ICEMR Cross-Sectional,icemr_india_cx
EUPATH_0000431,India ICEMR Fever Surveillance,icemr_india_fever_surv
EUPATH_0000431,India ICEMR Meghalaya Cohort,icemr_india_meghalaya
EUPATH_0000432,India ICEMR Cohort,icemr_india_cohort
EUPATH_0000432,India ICEMR Cross-Sectional,icemr_india_cx
EUPATH_0000433,Amazonia ICEMR Brazil Cohort,icemr_amazonia_brazil
EUPATH_0000433,Amazonia ICEMR Peru Cohort,icemr_amazonia_peru
EUPATH_0000433,India ICEMR Cohort,icemr_india_cohort
EUPATH_0000433,India ICEMR Cross-Sectional,icemr_india_cx
EUPATH_0000433,India ICEMR Fever Surveillance,icemr_india_fever_surv
EUPATH_0000433,Malawi ICEMR Case-Control,icemr_malawi
EUPATH_0000433,PRISM2 ICEMR Cohort,icemr_prism2
EUPATH_0000435,India ICEMR Cohort,icemr_india_cohort
EUPATH_0000435,India ICEMR Cross-Sectional,icemr_india_cx
EUPATH_0000435,India ICEMR Severe P.vivax and falciparum Cohort,icemr_india_severe_malaria
EUPATH_0000437,India ICEMR Cohort,icemr_india_cohort
EUPATH_0000437,India ICEMR Cross-Sectional,icemr_india_cx
EUPATH_0000437,India ICEMR Fever Surveillance,icemr_india_fever_surv
EUPATH_0000437,South Asia ICEMR Surveillance,icemr_south_asia
EUPATH_0000438,India ICEMR Cohort,icemr_india_cohort
EUPATH_0000438,India ICEMR Cross-Sectional,icemr_india_cx
EUPATH_0000439,India ICEMR Behavior Cross-sectional,icemr_india_behavior
EUPATH_0000439,India ICEMR Cohort,icemr_india_cohort
EUPATH_0000439,India ICEMR Cross-Sectional,icemr_india_cx
EUPATH_0000439,India ICEMR Meghalaya Cohort,icemr_india_meghalaya
EUPATH_0000439,India ICEMR Severe P.vivax and falciparum Cohort,icemr_india_severe_malaria
EUPATH_0000440,GAMIN RCT,gates_gamin
EUPATH_0000440,India ICEMR Cohort,icemr_india_cohort
EUPATH_0000440,India ICEMR Cross-Sectional,icemr_india_cx
EUPATH_0000441,LLINE UP Cluster Randomized Trial,gates_llineup
EUPATH_0000441,PROMOTE BC3 Cohort,general_promote
EUPATH_0000441,India ICEMR Cohort,icemr_india_cohort
EUPATH_0000441,India ICEMR Meghalaya Cohort,icemr_india_meghalaya
EUPATH_0000441,India ICEMR Severe P.vivax and falciparum Cohort,icemr_india_severe_malaria
EUPATH_0000441,PRISM2 ICEMR Cohort,icemr_prism2
EUPATH_0000441,PRISM2 ICEMR Border Cohort,icemr_prism2_border_cohort
EUPATH_0000442,India ICEMR Cohort,icemr_india_cohort
EUPATH_0000442,India ICEMR Cross-Sectional,icemr_india_cx
EUPATH_0000442,South Asia ICEMR Surveillance,icemr_south_asia
EUPATH_0000443,India ICEMR Cohort,icemr_india_cohort
EUPATH_0000443,India ICEMR Cross-Sectional,icemr_india_cx
EUPATH_0000443,India ICEMR Fever Surveillance,icemr_india_fever_surv
EUPATH_0000444,India ICEMR Cohort,icemr_india_cohort
EUPATH_0000444,India ICEMR Cross-Sectional,icemr_india_cx
EUPATH_0000444,India ICEMR Severe P.vivax and falciparum Cohort,icemr_india_severe_malaria
EUPATH_0000445,India ICEMR Cohort,icemr_india_cohort
EUPATH_0000445,India ICEMR Cross-Sectional,icemr_india_cx
EUPATH_0000445,India ICEMR Fever Surveillance,icemr_india_fever_surv
EUPATH_0000445,India ICEMR Severe P.vivax and falciparum Cohort,icemr_india_severe_malaria
EUPATH_0000446,India ICEMR Cohort,icemr_india_cohort
EUPATH_0000446,India ICEMR Cross-Sectional,icemr_india_cx
EUPATH_0000446,India ICEMR Fever Surveillance,icemr_india_fever_surv
EUPATH_0000446,India ICEMR Severe P.vivax and falciparum Cohort,icemr_india_severe_malaria
EUPATH_0000446,Malawi ICEMR Case-Control,icemr_malawi
EUPATH_0000447,India ICEMR Cohort,icemr_india_cohort
EUPATH_0000447,India ICEMR Cross-Sectional,icemr_india_cx
EUPATH_0000447,India ICEMR Fever Surveillance,icemr_india_fever_surv
EUPATH_0000447,India ICEMR Severe P.vivax and falciparum Cohort,icemr_india_severe_malaria
EUPATH_0000448,India ICEMR Cohort,icemr_india_cohort
EUPATH_0000448,India ICEMR Cross-Sectional,icemr_india_cx
EUPATH_0000448,India ICEMR Fever Surveillance,icemr_india_fever_surv
EUPATH_0000448,India ICEMR Severe P.vivax and falciparum Cohort,icemr_india_severe_malaria
EUPATH_0000449,India ICEMR Cohort,icemr_india_cohort
EUPATH_0000449,India ICEMR Cross-Sectional,icemr_india_cx
EUPATH_0000449,India ICEMR Fever Surveillance,icemr_india_fever_surv
EUPATH_0000450,India ICEMR Cohort,icemr_india_cohort
EUPATH_0000450,India ICEMR Cross-Sectional,icemr_india_cx
EUPATH_0000450,India ICEMR Fever Surveillance,icemr_india_fever_surv
EUPATH_0000450,India ICEMR Meghalaya Cohort,icemr_india_meghalaya
EUPATH_0000450,India ICEMR Severe P.vivax and falciparum Cohort,icemr_india_severe_malaria
EUPATH_0000450,Malawi ICEMR Case-Control,icemr_malawi
EUPATH_0000451,India ICEMR Cohort,icemr_india_cohort
EUPATH_0000451,India ICEMR Cross-Sectional,icemr_india_cx
EUPATH_0000451,India ICEMR Meghalaya Cohort,icemr_india_meghalaya
EUPATH_0000487,PRISM ICEMR Cohort,icemr_prism
EUPATH_0000537,Kalifabougou,general_kalifabougou
EUPATH_0000537,PROMOTE BC3 Cohort,general_promote
EUPATH_0000537,Malawi ICEMR Case-Control,icemr_malawi
EUPATH_0000537,South Asia ICEMR Surveillance,icemr_south_asia
EUPATH_0000544,South Asia ICEMR Surveillance,icemr_south_asia
EUPATH_0000544,West Africa ICEMR,icemr_west_africa
EUPATH_0000546,Amazonia ICEMR Peru Cohort,icemr_amazonia_peru
EUPATH_0000546,India ICEMR Behavior Cross-sectional,icemr_india_behavior
EUPATH_0000546,India ICEMR Cohort,icemr_india_cohort
EUPATH_0000546,India ICEMR Cross-Sectional,icemr_india_cx
EUPATH_0000546,India ICEMR Fever Surveillance,icemr_india_fever_surv
EUPATH_0000546,West Africa ICEMR,icemr_west_africa
EUPATH_0000547,Amazonia ICEMR Peru Cohort,icemr_amazonia_peru
EUPATH_0000547,India ICEMR Cohort,icemr_india_cohort
EUPATH_0000547,India ICEMR Cross-Sectional,icemr_india_cx
EUPATH_0000547,India ICEMR Fever Surveillance,icemr_india_fever_surv
EUPATH_0000550,Amazonia ICEMR Peru Cohort,icemr_amazonia_peru
EUPATH_0000550,India ICEMR Behavior Cross-sectional,icemr_india_behavior
EUPATH_0000550,India ICEMR Cohort,icemr_india_cohort
EUPATH_0000550,India ICEMR Cross-Sectional,icemr_india_cx
EUPATH_0000550,India ICEMR Fever Surveillance,icemr_india_fever_surv
EUPATH_0000550,West Africa ICEMR,icemr_west_africa
EUPATH_0000551,Amazonia ICEMR Peru Cohort,icemr_amazonia_peru
EUPATH_0000551,India ICEMR Cohort,icemr_india_cohort
EUPATH_0000551,India ICEMR Cross-Sectional,icemr_india_cx
EUPATH_0000551,India ICEMR Fever Surveillance,icemr_india_fever_surv
EUPATH_0000581,PROMOTE BC3 Cohort,general_promote
EUPATH_0000582,MAL-ED 0-60m Cohort,gates_maled
EUPATH_0000582,PROVIDE Randomized Controlled Trial,gates_provide
EUPATH_0000596,ELICIT,gates_elicit
EUPATH_0000596,GANC,gates_ganc
EUPATH_0000596,GEMS1 Case Control,gates_gems
EUPATH_0000596,GEMS1A Case Control,gates_gems1a
EUPATH_0000596,LLINE UP Cluster Randomized Trial,gates_llineup
EUPATH_0000596,MAL-ED 0-60m Cohort,gates_maled
EUPATH_0000596,PROVIDE Randomized Controlled Trial,gates_provide
EUPATH_0000596,SHINE,gates_shine
EUPATH_0000596,VIDA Case Control,gates_vida
EUPATH_0000596,WASH Benefits Kenya Cluster Randomized Trial,gates_washb_kenya
EUPATH_0000596,PROMOTE BC3 Cohort,general_promote
EUPATH_0000596,Amazonia ICEMR Brazil Cohort,icemr_amazonia_brazil
EUPATH_0000596,Amazonia ICEMR Peru Cohort,icemr_amazonia_peru
EUPATH_0000596,India ICEMR Behavior Cross-sectional,icemr_india_behavior
EUPATH_0000596,India ICEMR Meghalaya Cohort,icemr_india_meghalaya
EUPATH_0000596,Malawi ICEMR Case-Control,icemr_malawi
EUPATH_0000596,PRISM ICEMR Cohort,icemr_prism
EUPATH_0000596,PRISM2 ICEMR Cohort,icemr_prism2
EUPATH_0000596,PRISM2 ICEMR Border Cohort,icemr_prism2_border_cohort
EUPATH_0000609,"avenir,baseline",gates_avenir
EUPATH_0000609,ELICIT,gates_elicit
EUPATH_0000609,GAMIN RCT,gates_gamin
EUPATH_0000609,GEMS1 Case Control,gates_gems
EUPATH_0000609,GEMS1A Case Control,gates_gems1a
EUPATH_0000609,LLINE UP Cluster Randomized Trial,gates_llineup
EUPATH_0000609,MAL-ED 0-60m Cohort,gates_maled
EUPATH_0000609,Preventing Congenital Syphilis,gates_pcs
EUPATH_0000609,PERCH Case Control,gates_perch
EUPATH_0000609,PROVIDE Randomized Controlled Trial,gates_provide
EUPATH_0000609,SCORE Burundi,gates_score_burundi
EUPATH_0000609,SCORE Five Country,gates_score_five_country
EUPATH_0000609,SCORE Mozambique Cluster Randomized Trial,gates_score_moz
EUPATH_0000609,SCORE Niger Cluster Randomized Trial,gates_score_nig
EUPATH_0000609,SCORE Rwanda,gates_score_rwanda
EUPATH_0000609,SCORE Seasonal,gates_score_seasonal
EUPATH_0000609,SCORE Sm Cohort,gates_score_sm_cohort
EUPATH_0000609,SCORE S. mansoni Cluster Randomized Trial,gates_score_sm_crt
EUPATH_0000609,SCORE Zanzibar,gates_score_zanzibar
EUPATH_0000609,SHINE,gates_shine
EUPATH_0000609,SIP,gates_sip
EUPATH_0000609,Kalifabougou,general_kalifabougou
EUPATH_0000609,PROMOTE BC3 Cohort,general_promote
EUPATH_0000609,UMSP Surveillance,general_umsp
EUPATH_0000609,Amazonia ICEMR Brazil Cohort,icemr_amazonia_brazil
EUPATH_0000609,Amazonia ICEMR Peru Cohort,icemr_amazonia_peru
EUPATH_0000609,India ICEMR Behavior Cross-sectional,icemr_india_behavior
EUPATH_0000609,India ICEMR Cohort,icemr_india_cohort
EUPATH_0000609,India ICEMR Cross-Sectional,icemr_india_cx
EUPATH_0000609,India ICEMR DAMaN,icemr_india_daman
EUPATH_0000609,India ICEMR Fever Surveillance,icemr_india_fever_surv
EUPATH_0000609,India ICEMR Meghalaya Cohort,icemr_india_meghalaya
EUPATH_0000609,India ICEMR Severe P.vivax and falciparum Cohort,icemr_india_severe_malaria
EUPATH_0000609,Malawi ICEMR Case-Control,icemr_malawi
EUPATH_0000609,Myanmar ICEMR,icemr_myanmar
EUPATH_0000609,PRISM ICEMR Cohort,icemr_prism
EUPATH_0000609,PRISM2 ICEMR Cohort,icemr_prism2
EUPATH_0000609,PRISM2 ICEMR Border Cohort,icemr_prism2_border_cohort
EUPATH_0000609,South Asia ICEMR Surveillance,icemr_south_asia
EUPATH_0000609,Southeast Asia ICEMR Surveillance,icemr_southeast_asia
EUPATH_0000609,Southern Africa ICEMR Cross-sectional,icemr_southern_africa
EUPATH_0000609,West Africa ICEMR,icemr_west_africa
EUPATH_0000638,PERCH Case Control,gates_perch
EUPATH_0000638,SIP,gates_sip
EUPATH_0000638,PRISM ICEMR Cohort,icemr_prism
EUPATH_0000638,PRISM2 ICEMR Cohort,icemr_prism2
EUPATH_0000638,PRISM2 ICEMR Border Cohort,icemr_prism2_border_cohort
EUPATH_0000647,MAL-ED 0-60m Cohort,gates_maled
EUPATH_0000649,"avenir,baseline",gates_avenir
EUPATH_0000649,ELICIT,gates_elicit
EUPATH_0000649,GAMIN RCT,gates_gamin
EUPATH_0000649,GEMS1 Case Control,gates_gems
EUPATH_0000649,GEMS1A Case Control,gates_gems1a
EUPATH_0000649,MAL-ED 0-60m Cohort,gates_maled
EUPATH_0000649,mordor,gates_mordor
EUPATH_0000649,PERCH Case Control,gates_perch
EUPATH_0000649,PROVIDE Randomized Controlled Trial,gates_provide
EUPATH_0000649,SCORE Sm Cohort,gates_score_sm_cohort
EUPATH_0000649,SHINE,gates_shine
EUPATH_0000649,SIP,gates_sip
EUPATH_0000649,VIDA Case Control,gates_vida
EUPATH_0000649,WASHb BNG Cluster Randomized Trial,gates_washb_bangladesh
EUPATH_0000649,WASH Benefits Kenya Cluster Randomized Trial,gates_washb_kenya
EUPATH_0000649,Kalifabougou,general_kalifabougou
EUPATH_0000649,PROMOTE BC3 Cohort,general_promote
EUPATH_0000649,UMSP Surveillance,general_umsp
EUPATH_0000649,Amazonia ICEMR Brazil Cohort,icemr_amazonia_brazil
EUPATH_0000649,India ICEMR Cohort,icemr_india_cohort
EUPATH_0000649,India ICEMR Cross-Sectional,icemr_india_cx
EUPATH_0000649,India ICEMR DAMaN,icemr_india_daman
EUPATH_0000649,India ICEMR Fever Surveillance,icemr_india_fever_surv
EUPATH_0000649,India ICEMR Meghalaya Cohort,icemr_india_meghalaya
EUPATH_0000649,India ICEMR Severe P.vivax and falciparum Cohort,icemr_india_severe_malaria
EUPATH_0000649,PRISM ICEMR Cohort,icemr_prism
EUPATH_0000649,PRISM2 ICEMR Cohort,icemr_prism2
EUPATH_0000649,PRISM2 ICEMR Border Cohort,icemr_prism2_border_cohort
EUPATH_0000649,Southern Africa ICEMR Cross-sectional,icemr_southern_africa
EUPATH_0000649,West Africa ICEMR,icemr_west_africa
EUPATH_0000662,GEMS1 Case Control,gates_gems
EUPATH_0000662,GEMS1A Case Control,gates_gems1a
EUPATH_0000662,MAL-ED 0-60m Cohort,gates_maled
EUPATH_0000662,PERCH Case Control,gates_perch
EUPATH_0000662,VIDA Case Control,gates_vida
EUPATH_0000665,MAL-ED 0-60m Cohort,gates_maled
EUPATH_0000667,GEMS1 Case Control,gates_gems
EUPATH_0000667,GEMS1A Case Control,gates_gems1a
EUPATH_0000667,mordor,gates_mordor
EUPATH_0000667,VIDA Case Control,gates_vida
EUPATH_0000667,WASH Benefits Kenya Cluster Randomized Trial,gates_washb_kenya
EUPATH_0000667,PRISM2 ICEMR Cohort,icemr_prism2
EUPATH_0000671,GEMS1 Case Control,gates_gems
EUPATH_0000671,GEMS1A Case Control,gates_gems1a
EUPATH_0000671,mordor,gates_mordor
EUPATH_0000671,PERCH Case Control,gates_perch
EUPATH_0000671,SHINE,gates_shine
EUPATH_0000671,SIP,gates_sip
EUPATH_0000671,VIDA Case Control,gates_vida
EUPATH_0000671,WASH Benefits Kenya Cluster Randomized Trial,gates_washb_kenya
EUPATH_0000671,Kalifabougou,general_kalifabougou
EUPATH_0000671,PRISM ICEMR Cohort,icemr_prism
EUPATH_0000671,PRISM2 ICEMR Cohort,icemr_prism2
EUPATH_0000676,GEMS1 Case Control,gates_gems
EUPATH_0000676,GEMS1A Case Control,gates_gems1a
EUPATH_0000676,GEMS1 HUAS/HUAS Lite Survey,gates_gems_huas
EUPATH_0000676,VIDA Case Control,gates_vida
EUPATH_0000678,"avenir,baseline",gates_avenir
EUPATH_0000678,ELICIT,gates_elicit
EUPATH_0000678,GAMIN RCT,gates_gamin
EUPATH_0000678,GANC,gates_ganc
EUPATH_0000678,GEMS1 Case Control,gates_gems
EUPATH_0000678,GEMS1A Case Control,gates_gems1a
EUPATH_0000678,MAL-ED 0-60m Cohort,gates_maled
EUPATH_0000678,PERCH Case Control,gates_perch
EUPATH_0000678,PROVIDE Randomized Controlled Trial,gates_provide
EUPATH_0000678,SHINE,gates_shine
EUPATH_0000678,SIP,gates_sip
EUPATH_0000678,VIDA Case Control,gates_vida
EUPATH_0000681,GEMS1 Case Control,gates_gems
EUPATH_0000681,GEMS1A Case Control,gates_gems1a
EUPATH_0000682,ELICIT,gates_elicit
EUPATH_0000682,MAL-ED 0-60m Cohort,gates_maled
EUPATH_0000683,ELICIT,gates_elicit
EUPATH_0000683,MAL-ED 0-60m Cohort,gates_maled
EUPATH_0000683,SIP,gates_sip
EUPATH_0000683,WASHb BNG Cluster Randomized Trial,gates_washb_bangladesh
EUPATH_0000686,GANC,gates_ganc
EUPATH_0000686,GEMS1 Case Control,gates_gems
EUPATH_0000686,GEMS1A Case Control,gates_gems1a
EUPATH_0000686,PROVIDE Randomized Controlled Trial,gates_provide
EUPATH_0000686,SHINE,gates_shine
EUPATH_0000686,WASHb BNG Cluster Randomized Trial,gates_washb_bangladesh
EUPATH_0000686,WASH Benefits Kenya Cluster Randomized Trial,gates_washb_kenya
EUPATH_0000687,MAL-ED 0-60m Cohort,gates_maled
EUPATH_0000688,MAL-ED 0-60m Cohort,gates_maled
EUPATH_0000689,ELICIT,gates_elicit
EUPATH_0000689,MAL-ED 0-60m Cohort,gates_maled
EUPATH_0000700,ELICIT,gates_elicit
EUPATH_0000700,GEMS1 Case Control,gates_gems
EUPATH_0000700,GEMS1A Case Control,gates_gems1a
EUPATH_0000700,PROVIDE Randomized Controlled Trial,gates_provide
EUPATH_0000700,Amazonia ICEMR Brazil Cohort,icemr_amazonia_brazil
EUPATH_0000710,ELICIT,gates_elicit
EUPATH_0000710,GEMS1 Case Control,gates_gems
EUPATH_0000710,GEMS1A Case Control,gates_gems1a
EUPATH_0000710,PERCH Case Control,gates_perch
EUPATH_0000711,GEMS1 Case Control,gates_gems
EUPATH_0000711,GEMS1A Case Control,gates_gems1a
EUPATH_0000711,MAL-ED 0-60m Cohort,gates_maled
EUPATH_0000711,PROVIDE Randomized Controlled Trial,gates_provide
EUPATH_0000714,GEMS1 Case Control,gates_gems
EUPATH_0000714,GEMS1A Case Control,gates_gems1a
EUPATH_0000714,LLINE UP Cluster Randomized Trial,gates_llineup
EUPATH_0000714,MAL-ED 0-60m Cohort,gates_maled
EUPATH_0000714,PROVIDE Randomized Controlled Trial,gates_provide
EUPATH_0000714,VIDA Case Control,gates_vida
EUPATH_0000714,Malawi ICEMR Case-Control,icemr_malawi
EUPATH_0000719,GAMIN RCT,gates_gamin
EUPATH_0000719,MAL-ED 0-60m Cohort,gates_maled
EUPATH_0000720,GEMS1 Case Control,gates_gems
EUPATH_0000720,GEMS1A Case Control,gates_gems1a
EUPATH_0000720,GEMS1A HUAS Lite Survey,gates_gems1a_huas
EUPATH_0000720,GEMS1 HUAS/HUAS Lite Survey,gates_gems_huas
EUPATH_0000720,VIDA HUCS Gambia Mali,gates_vida_hucs_gambia_mali
EUPATH_0000720,Southern Africa ICEMR Cross-sectional,icemr_southern_africa
EUPATH_0000722,GEMS1 Case Control,gates_gems
EUPATH_0000722,GEMS1A Case Control,gates_gems1a
EUPATH_0000722,WASH Benefits Kenya Cluster Randomized Trial,gates_washb_kenya
EUPATH_0000724,GEMS1 Case Control,gates_gems
EUPATH_0000724,GEMS1A Case Control,gates_gems1a
EUPATH_0000724,MAL-ED 0-60m Cohort,gates_maled
EUPATH_0000724,PROVIDE Randomized Controlled Trial,gates_provide
EUPATH_0000724,SCORE Burundi,gates_score_burundi
EUPATH_0000724,SCORE Five Country,gates_score_five_country
EUPATH_0000724,SCORE Rwanda,gates_score_rwanda
EUPATH_0000724,SCORE Seasonal,gates_score_seasonal
EUPATH_0000724,SCORE Sm Cohort,gates_score_sm_cohort
EUPATH_0000724,SCORE S. mansoni Cluster Randomized Trial,gates_score_sm_crt
EUPATH_0000724,Amazonia ICEMR Brazil Cohort,icemr_amazonia_brazil
EUPATH_0000725,GEMS1 Case Control,gates_gems
EUPATH_0000725,GEMS1A Case Control,gates_gems1a
EUPATH_0000725,VIDA Case Control,gates_vida
EUPATH_0000726,GEMS1 Case Control,gates_gems
EUPATH_0000726,GEMS1A Case Control,gates_gems1a
EUPATH_0000726,VIDA Case Control,gates_vida
EUPATH_0000727,ELICIT,gates_elicit
EUPATH_0000727,MAL-ED 0-60m Cohort,gates_maled
EUPATH_0000727,PROVIDE Randomized Controlled Trial,gates_provide
EUPATH_0000730,GANC,gates_ganc
EUPATH_0000730,GEMS1 Case Control,gates_gems
EUPATH_0000730,GEMS1A Case Control,gates_gems1a
EUPATH_0000730,VIDA Case Control,gates_vida
EUPATH_0000731,"avenir,baseline",gates_avenir
EUPATH_0000731,ELICIT,gates_elicit
EUPATH_0000731,GANC,gates_ganc
EUPATH_0000731,GEMS1 Case Control,gates_gems
EUPATH_0000731,GEMS1A Case Control,gates_gems1a
EUPATH_0000731,LLINE UP Cluster Randomized Trial,gates_llineup
EUPATH_0000731,MAL-ED 0-60m Cohort,gates_maled
EUPATH_0000731,PROVIDE Randomized Controlled Trial,gates_provide
EUPATH_0000731,SHINE,gates_shine
EUPATH_0000731,VIDA Case Control,gates_vida
EUPATH_0000731,WASHb BNG Cluster Randomized Trial,gates_washb_bangladesh
EUPATH_0000731,WASH Benefits Kenya Cluster Randomized Trial,gates_washb_kenya
EUPATH_0000731,PROMOTE BC3 Cohort,general_promote
EUPATH_0000731,Amazonia ICEMR Brazil Cohort,icemr_amazonia_brazil
EUPATH_0000731,Amazonia ICEMR Peru Cohort,icemr_amazonia_peru
EUPATH_0000731,India ICEMR Behavior Cross-sectional,icemr_india_behavior
EUPATH_0000731,India ICEMR Cohort,icemr_india_cohort
EUPATH_0000731,India ICEMR Cross-Sectional,icemr_india_cx
EUPATH_0000731,India ICEMR Meghalaya Cohort,icemr_india_meghalaya
EUPATH_0000731,India ICEMR Severe P.vivax and falciparum Cohort,icemr_india_severe_malaria
EUPATH_0000731,Malawi ICEMR Case-Control,icemr_malawi
EUPATH_0000731,PRISM ICEMR Cohort,icemr_prism
EUPATH_0000731,PRISM2 ICEMR Cohort,icemr_prism2
EUPATH_0000731,PRISM2 ICEMR Border Cohort,icemr_prism2_border_cohort
EUPATH_0000733,ELICIT,gates_elicit
EUPATH_0000733,GAMIN RCT,gates_gamin
EUPATH_0000733,GEMS1 Case Control,gates_gems
EUPATH_0000733,GEMS1A Case Control,gates_gems1a
EUPATH_0000733,MAL-ED 0-60m Cohort,gates_maled
EUPATH_0000733,PERCH Case Control,gates_perch
EUPATH_0000733,PROVIDE Randomized Controlled Trial,gates_provide
EUPATH_0000733,VIDA Case Control,gates_vida
EUPATH_0000734,GEMS1 Case Control,gates_gems
EUPATH_0000734,GEMS1A Case Control,gates_gems1a
EUPATH_0000734,MAL-ED 0-60m Cohort,gates_maled
EUPATH_0000734,PERCH Case Control,gates_perch
EUPATH_0000737,PRISM ICEMR Cohort,icemr_prism
EUPATH_0000742,MAL-ED 0-60m Cohort,gates_maled
EUPATH_0000742,PROVIDE Randomized Controlled Trial,gates_provide
EUPATH_0000743,MAL-ED 0-60m Cohort,gates_maled
EUPATH_0004991,GEMS1 Case Control,gates_gems
EUPATH_0004991,GEMS1A Case Control,gates_gems1a
EUPATH_0004991,LLINE UP Cluster Randomized Trial,gates_llineup
EUPATH_0004991,MAL-ED 0-60m Cohort,gates_maled
EUPATH_0004991,PERCH Case Control,gates_perch
EUPATH_0004991,PROVIDE Randomized Controlled Trial,gates_provide
EUPATH_0004991,SHINE,gates_shine
EUPATH_0004991,SIP,gates_sip
EUPATH_0004991,VIDA Case Control,gates_vida
EUPATH_0004991,Kalifabougou,general_kalifabougou
EUPATH_0004991,PROMOTE BC3 Cohort,general_promote
EUPATH_0004991,UMSP Surveillance,general_umsp
EUPATH_0004991,Amazonia ICEMR Brazil Cohort,icemr_amazonia_brazil
EUPATH_0004991,Amazonia ICEMR Peru Cohort,icemr_amazonia_peru
EUPATH_0004991,India ICEMR Behavior Cross-sectional,icemr_india_behavior
EUPATH_0004991,India ICEMR Cohort,icemr_india_cohort
EUPATH_0004991,India ICEMR Cross-Sectional,icemr_india_cx
EUPATH_0004991,India ICEMR Fever Surveillance,icemr_india_fever_surv
EUPATH_0004991,India ICEMR Meghalaya Cohort,icemr_india_meghalaya
EUPATH_0004991,India ICEMR Severe P.vivax and falciparum Cohort,icemr_india_severe_malaria
EUPATH_0004991,PRISM ICEMR Cohort,icemr_prism
EUPATH_0004991,PRISM2 ICEMR Cohort,icemr_prism2
EUPATH_0004991,PRISM2 ICEMR Border Cohort,icemr_prism2_border_cohort
EUPATH_0004991,South Asia ICEMR Surveillance,icemr_south_asia
EUPATH_0004991,Southeast Asia ICEMR Surveillance,icemr_southeast_asia
EUPATH_0004991,Southern Africa ICEMR Cross-sectional,icemr_southern_africa
EUPATH_0004991,West Africa ICEMR,icemr_west_africa
EUPATH_0009095,SHINE,gates_shine
EUPATH_0010001,GEMS1 Case Control,gates_gems
EUPATH_0010001,GEMS1A Case Control,gates_gems1a
EUPATH_0010002,GEMS1 Case Control,gates_gems
EUPATH_0010002,GEMS1A Case Control,gates_gems1a
EUPATH_0010002,VIDA Case Control,gates_vida
EUPATH_0010006,GEMS1 Case Control,gates_gems
EUPATH_0010006,GEMS1A Case Control,gates_gems1a
EUPATH_0010006,GEMS1 HUAS/HUAS Lite Survey,gates_gems_huas
EUPATH_0010008,GEMS1 Case Control,gates_gems
EUPATH_0010008,GEMS1A Case Control,gates_gems1a
EUPATH_0010009,GEMS1 Case Control,gates_gems
EUPATH_0010009,GEMS1A Case Control,gates_gems1a
EUPATH_0010010,GEMS1 Case Control,gates_gems
EUPATH_0010010,GEMS1A Case Control,gates_gems1a
EUPATH_0010011,GEMS1 Case Control,gates_gems
EUPATH_0010011,GEMS1A Case Control,gates_gems1a
EUPATH_0010012,GEMS1 Case Control,gates_gems
EUPATH_0010012,GEMS1A Case Control,gates_gems1a
EUPATH_0010013,GEMS1 Case Control,gates_gems
EUPATH_0010013,GEMS1A Case Control,gates_gems1a
EUPATH_0010013,GEMS1A HUAS Lite Survey,gates_gems1a_huas
EUPATH_0010013,GEMS1 HUAS/HUAS Lite Survey,gates_gems_huas
EUPATH_0010013,VIDA Case Control,gates_vida
EUPATH_0010013,VIDA HUCS Gambia Mali,gates_vida_hucs_gambia_mali
EUPATH_0010013,VIDA HUCS Kenya,gates_vida_hucs_kenya
EUPATH_0010013,Southern Africa ICEMR Cross-sectional,icemr_southern_africa
EUPATH_0010014,GEMS1 Case Control,gates_gems
EUPATH_0010014,GEMS1A Case Control,gates_gems1a
EUPATH_0010014,GEMS1A HUAS Lite Survey,gates_gems1a_huas
EUPATH_0010014,GEMS1 HUAS/HUAS Lite Survey,gates_gems_huas
EUPATH_0010014,VIDA Case Control,gates_vida
EUPATH_0010014,VIDA HUCS Gambia Mali,gates_vida_hucs_gambia_mali
EUPATH_0010014,VIDA HUCS Kenya,gates_vida_hucs_kenya
EUPATH_0010016,GEMS1 Case Control,gates_gems
EUPATH_0010016,GEMS1A Case Control,gates_gems1a
EUPATH_0010016,GEMS1A HUAS Lite Survey,gates_gems1a_huas
EUPATH_0010016,GEMS1 HUAS/HUAS Lite Survey,gates_gems_huas
EUPATH_0010016,MAL-ED 0-60m Cohort,gates_maled
EUPATH_0010016,PROVIDE Randomized Controlled Trial,gates_provide
EUPATH_0010016,VIDA Case Control,gates_vida
EUPATH_0010016,VIDA HUCS Gambia Mali,gates_vida_hucs_gambia_mali
EUPATH_0010016,VIDA HUCS Kenya,gates_vida_hucs_kenya
EUPATH_0010016,Southern Africa ICEMR Cross-sectional,icemr_southern_africa
EUPATH_0010024,GEMS1 Case Control,gates_gems
EUPATH_0010024,GEMS1A Case Control,gates_gems1a
EUPATH_0010024,PROVIDE Randomized Controlled Trial,gates_provide
EUPATH_0010032,"avenir,baseline",gates_avenir
EUPATH_0010032,GANC,gates_ganc
EUPATH_0010032,GEMS1 Case Control,gates_gems
EUPATH_0010032,GEMS1A Case Control,gates_gems1a
EUPATH_0010032,LLINE UP Cluster Randomized Trial,gates_llineup
EUPATH_0010032,PROVIDE Randomized Controlled Trial,gates_provide
EUPATH_0010032,SHINE,gates_shine
EUPATH_0010032,VIDA Case Control,gates_vida
EUPATH_0010032,WASH Benefits Kenya Cluster Randomized Trial,gates_washb_kenya
EUPATH_0010032,PROMOTE BC3 Cohort,general_promote
EUPATH_0010032,India ICEMR Behavior Cross-sectional,icemr_india_behavior
EUPATH_0010032,India ICEMR Cohort,icemr_india_cohort
EUPATH_0010032,India ICEMR Cross-Sectional,icemr_india_cx
EUPATH_0010032,India ICEMR Meghalaya Cohort,icemr_india_meghalaya
EUPATH_0010032,Malawi ICEMR Case-Control,icemr_malawi
EUPATH_0010032,PRISM2 ICEMR Cohort,icemr_prism2
EUPATH_0010032,PRISM2 ICEMR Border Cohort,icemr_prism2_border_cohort
EUPATH_0010032,Southern Africa ICEMR Cross-sectional,icemr_southern_africa
EUPATH_0010035,"avenir,baseline",gates_avenir
EUPATH_0010035,ELICIT,gates_elicit
EUPATH_0010035,GAMIN RCT,gates_gamin
EUPATH_0010035,GANC,gates_ganc
EUPATH_0010035,GEMS1 Case Control,gates_gems
EUPATH_0010035,GEMS1A Case Control,gates_gems1a
EUPATH_0010035,GEMS1A HUAS Lite Survey,gates_gems1a_huas
EUPATH_0010035,GEMS1 HUAS/HUAS Lite Survey,gates_gems_huas
EUPATH_0010035,LLINE UP Cluster Randomized Trial,gates_llineup
EUPATH_0010035,MAL-ED 0-60m Cohort,gates_maled
EUPATH_0010035,mordor,gates_mordor
EUPATH_0010035,Preventing Congenital Syphilis,gates_pcs
EUPATH_0010035,PERCH Case Control,gates_perch
EUPATH_0010035,PROVIDE Randomized Controlled Trial,gates_provide
EUPATH_0010035,SCORE Niger Cluster Randomized Trial,gates_score_nig
EUPATH_0010035,SCORE Sm Cohort,gates_score_sm_cohort
EUPATH_0010035,SCORE S. mansoni Cluster Randomized Trial,gates_score_sm_crt
EUPATH_0010035,SCORE Zanzibar,gates_score_zanzibar
EUPATH_0010035,SHINE,gates_shine
EUPATH_0010035,SIP,gates_sip
EUPATH_0010035,VIDA Case Control,gates_vida
EUPATH_0010035,VIDA HUCS Gambia Mali,gates_vida_hucs_gambia_mali
EUPATH_0010035,WASHb BNG Cluster Randomized Trial,gates_washb_bangladesh
EUPATH_0010035,WASH Benefits Kenya Cluster Randomized Trial,gates_washb_kenya
EUPATH_0010035,Kalifabougou,general_kalifabougou
EUPATH_0010035,PROMOTE BC3 Cohort,general_promote
EUPATH_0010035,Amazonia ICEMR Brazil Cohort,icemr_amazonia_brazil
EUPATH_0010035,Amazonia ICEMR Peru Cohort,icemr_amazonia_peru
EUPATH_0010035,India ICEMR Behavior Cross-sectional,icemr_india_behavior
EUPATH_0010035,India ICEMR Cohort,icemr_india_cohort
EUPATH_0010035,India ICEMR Cross-Sectional,icemr_india_cx
EUPATH_0010035,India ICEMR DAMaN,icemr_india_daman
EUPATH_0010035,India ICEMR Fever Surveillance,icemr_india_fever_surv
EUPATH_0010035,India ICEMR Meghalaya Cohort,icemr_india_meghalaya
EUPATH_0010035,India ICEMR Severe P.vivax and falciparum Cohort,icemr_india_severe_malaria
EUPATH_0010035,Malawi ICEMR Case-Control,icemr_malawi
EUPATH_0010035,PRISM ICEMR Cohort,icemr_prism
EUPATH_0010035,PRISM2 ICEMR Cohort,icemr_prism2
EUPATH_0010035,PRISM2 ICEMR Border Cohort,icemr_prism2_border_cohort
EUPATH_0010035,South Asia ICEMR Surveillance,icemr_south_asia
EUPATH_0010035,Southeast Asia ICEMR Surveillance,icemr_southeast_asia
EUPATH_0010035,West Africa ICEMR,icemr_west_africa
EUPATH_0010036,"avenir,baseline",gates_avenir
EUPATH_0010036,GAMIN RCT,gates_gamin
EUPATH_0010036,GEMS1 Case Control,gates_gems
EUPATH_0010036,GEMS1A Case Control,gates_gems1a
EUPATH_0010036,PERCH Case Control,gates_perch
EUPATH_0010036,SIP,gates_sip
EUPATH_0010036,VIDA Case Control,gates_vida
EUPATH_0010036,Malawi ICEMR Case-Control,icemr_malawi
EUPATH_0010036,PRISM2 ICEMR Cohort,icemr_prism2
EUPATH_0010037,"avenir,baseline",gates_avenir
EUPATH_0010037,ELICIT,gates_elicit
EUPATH_0010037,GAMIN RCT,gates_gamin
EUPATH_0010037,GANC,gates_ganc
EUPATH_0010037,GEMS1 Case Control,gates_gems
EUPATH_0010037,GEMS1A Case Control,gates_gems1a
EUPATH_0010037,GEMS1A HUAS Lite Survey,gates_gems1a_huas
EUPATH_0010037,GEMS1 HUAS/HUAS Lite Survey,gates_gems_huas
EUPATH_0010037,LLINE UP Cluster Randomized Trial,gates_llineup
EUPATH_0010037,PROVIDE Randomized Controlled Trial,gates_provide
EUPATH_0010037,SHINE,gates_shine
EUPATH_0010037,SIP,gates_sip
EUPATH_0010037,VIDA Case Control,gates_vida
EUPATH_0010037,VIDA HUCS Gambia Mali,gates_vida_hucs_gambia_mali
EUPATH_0010037,VIDA HUCS Kenya,gates_vida_hucs_kenya
EUPATH_0010037,WASHb BNG Cluster Randomized Trial,gates_washb_bangladesh
EUPATH_0010037,WASH Benefits Kenya Cluster Randomized Trial,gates_washb_kenya
EUPATH_0010037,Amazonia ICEMR Peru Cohort,icemr_amazonia_peru
EUPATH_0010037,India ICEMR Behavior Cross-sectional,icemr_india_behavior
EUPATH_0010037,India ICEMR DAMaN,icemr_india_daman
EUPATH_0010037,India ICEMR Meghalaya Cohort,icemr_india_meghalaya
EUPATH_0010037,Malawi ICEMR Case-Control,icemr_malawi
EUPATH_0010037,PRISM2 ICEMR Border Cohort,icemr_prism2_border_cohort
EUPATH_0010037,Southeast Asia ICEMR Surveillance,icemr_southeast_asia
EUPATH_0010037,Southern Africa ICEMR Cross-sectional,icemr_southern_africa
EUPATH_0010038,GEMS1 Case Control,gates_gems
EUPATH_0010038,GEMS1A Case Control,gates_gems1a
EUPATH_0010038,MAL-ED 0-60m Cohort,gates_maled
EUPATH_0010038,PROVIDE Randomized Controlled Trial,gates_provide
EUPATH_0010039,GEMS1 Case Control,gates_gems
EUPATH_0010039,GEMS1A Case Control,gates_gems1a
EUPATH_0010039,MAL-ED 0-60m Cohort,gates_maled
EUPATH_0010039,PROVIDE Randomized Controlled Trial,gates_provide
EUPATH_0010039,Kalifabougou,general_kalifabougou
EUPATH_0010040,GEMS1 Case Control,gates_gems
EUPATH_0010040,GEMS1A Case Control,gates_gems1a
EUPATH_0010042,GEMS1 Case Control,gates_gems
EUPATH_0010042,GEMS1A Case Control,gates_gems1a
EUPATH_0010047,GEMS1 Case Control,gates_gems
EUPATH_0010047,GEMS1A Case Control,gates_gems1a
EUPATH_0010049,GEMS1 Case Control,gates_gems
EUPATH_0010049,GEMS1A Case Control,gates_gems1a
EUPATH_0010049,VIDA Case Control,gates_vida
EUPATH_0010049,Malawi ICEMR Case-Control,icemr_malawi
EUPATH_0010050,GEMS1 Case Control,gates_gems
EUPATH_0010051,GEMS1 Case Control,gates_gems
EUPATH_0010052,GEMS1 Case Control,gates_gems
EUPATH_0010053,GEMS1 Case Control,gates_gems
EUPATH_0010055,GEMS1 Case Control,gates_gems
EUPATH_0010055,GEMS1A Case Control,gates_gems1a
EUPATH_0010061,GEMS1 Case Control,gates_gems
EUPATH_0010061,GEMS1A Case Control,gates_gems1a
EUPATH_0010061,VIDA Case Control,gates_vida
EUPATH_0010062,GEMS1 Case Control,gates_gems
EUPATH_0010062,GEMS1A Case Control,gates_gems1a
EUPATH_0010062,VIDA Case Control,gates_vida
EUPATH_0010066,GEMS1 Case Control,gates_gems
EUPATH_0010066,GEMS1A Case Control,gates_gems1a
EUPATH_0010066,VIDA Case Control,gates_vida
EUPATH_0010067,GEMS1 Case Control,gates_gems
EUPATH_0010067,GEMS1A Case Control,gates_gems1a
EUPATH_0010067,PERCH Case Control,gates_perch
EUPATH_0010067,VIDA Case Control,gates_vida
EUPATH_0010067,PRISM ICEMR Cohort,icemr_prism
EUPATH_0010067,PRISM2 ICEMR Cohort,icemr_prism2
EUPATH_0010068,GEMS1 Case Control,gates_gems
EUPATH_0010068,GEMS1A Case Control,gates_gems1a
EUPATH_0010068,VIDA Case Control,gates_vida
EUPATH_0010069,GEMS1 Case Control,gates_gems
EUPATH_0010069,GEMS1A Case Control,gates_gems1a
EUPATH_0010070,GEMS1 Case Control,gates_gems
EUPATH_0010070,GEMS1A Case Control,gates_gems1a
EUPATH_0010070,VIDA Case Control,gates_vida
EUPATH_0010070,WASHb BNG Cluster Randomized Trial,gates_washb_bangladesh
EUPATH_0010071,GEMS1 Case Control,gates_gems
EUPATH_0010071,GEMS1A Case Control,gates_gems1a
EUPATH_0010071,VIDA Case Control,gates_vida
EUPATH_0010071,WASHb BNG Cluster Randomized Trial,gates_washb_bangladesh
EUPATH_0010075,ELICIT,gates_elicit
EUPATH_0010075,GAMIN RCT,gates_gamin
EUPATH_0010075,GEMS1 Case Control,gates_gems
EUPATH_0010075,GEMS1A Case Control,gates_gems1a
EUPATH_0010075,MAL-ED 0-60m Cohort,gates_maled
EUPATH_0010075,PERCH Case Control,gates_perch
EUPATH_0010075,PROVIDE Randomized Controlled Trial,gates_provide
EUPATH_0010075,SCORE Sm Cohort,gates_score_sm_cohort
EUPATH_0010075,SHINE,gates_shine
EUPATH_0010075,SIP,gates_sip
EUPATH_0010075,VIDA Case Control,gates_vida
EUPATH_0010075,Kalifabougou,general_kalifabougou
EUPATH_0010075,PROMOTE BC3 Cohort,general_promote
EUPATH_0010075,UMSP Surveillance,general_umsp
EUPATH_0010075,India ICEMR Cohort,icemr_india_cohort
EUPATH_0010075,India ICEMR Cross-Sectional,icemr_india_cx
EUPATH_0010075,India ICEMR DAMaN,icemr_india_daman
EUPATH_0010075,India ICEMR Fever Surveillance,icemr_india_fever_surv
EUPATH_0010075,India ICEMR Meghalaya Cohort,icemr_india_meghalaya
EUPATH_0010075,India ICEMR Severe P.vivax and falciparum Cohort,icemr_india_severe_malaria
EUPATH_0010075,PRISM ICEMR Cohort,icemr_prism
EUPATH_0010075,PRISM2 ICEMR Cohort,icemr_prism2
EUPATH_0010075,PRISM2 ICEMR Border Cohort,icemr_prism2_border_cohort
EUPATH_0010076,GEMS1 Case Control,gates_gems
EUPATH_0010076,GEMS1A Case Control,gates_gems1a
EUPATH_0010076,VIDA Case Control,gates_vida
EUPATH_0010077,GEMS1 Case Control,gates_gems
EUPATH_0010077,GEMS1A Case Control,gates_gems1a
EUPATH_0010077,VIDA Case Control,gates_vida
EUPATH_0010078,GEMS1 Case Control,gates_gems
EUPATH_0010078,GEMS1A Case Control,gates_gems1a
EUPATH_0010079,GEMS1 Case Control,gates_gems
EUPATH_0010079,GEMS1A Case Control,gates_gems1a
EUPATH_0010079,VIDA Case Control,gates_vida
EUPATH_0010082,GEMS1 Case Control,gates_gems
EUPATH_0010082,GEMS1A Case Control,gates_gems1a
EUPATH_0010083,GEMS1 Case Control,gates_gems
EUPATH_0010083,GEMS1A Case Control,gates_gems1a
EUPATH_0010083,VIDA Case Control,gates_vida
EUPATH_0010084,ELICIT,gates_elicit
EUPATH_0010084,GAMIN RCT,gates_gamin
EUPATH_0010084,GEMS1 Case Control,gates_gems
EUPATH_0010084,GEMS1A Case Control,gates_gems1a
EUPATH_0010084,PERCH Case Control,gates_perch
EUPATH_0010084,SHINE,gates_shine
EUPATH_0010084,VIDA Case Control,gates_vida
EUPATH_0010084,Kalifabougou,general_kalifabougou
EUPATH_0010084,UMSP Surveillance,general_umsp
EUPATH_0010084,India ICEMR DAMaN,icemr_india_daman
EUPATH_0010084,India ICEMR Meghalaya Cohort,icemr_india_meghalaya
EUPATH_0010084,PRISM2 ICEMR Border Cohort,icemr_prism2_border_cohort
EUPATH_0010085,GEMS1 Case Control,gates_gems
EUPATH_0010085,GEMS1A Case Control,gates_gems1a
EUPATH_0010085,VIDA Case Control,gates_vida
EUPATH_0010086,GEMS1 Case Control,gates_gems
EUPATH_0010086,GEMS1A Case Control,gates_gems1a
EUPATH_0010086,VIDA Case Control,gates_vida
EUPATH_0010087,GEMS1 Case Control,gates_gems
EUPATH_0010087,GEMS1A Case Control,gates_gems1a
EUPATH_0010088,GEMS1 Case Control,gates_gems
EUPATH_0010088,GEMS1A Case Control,gates_gems1a
EUPATH_0010088,VIDA Case Control,gates_vida
EUPATH_0010090,GEMS1 Case Control,gates_gems
EUPATH_0010090,GEMS1A Case Control,gates_gems1a
EUPATH_0010090,VIDA Case Control,gates_vida
EUPATH_0010093,GEMS1 Case Control,gates_gems
EUPATH_0010093,GEMS1A Case Control,gates_gems1a
EUPATH_0010094,GEMS1 Case Control,gates_gems
EUPATH_0010094,GEMS1A Case Control,gates_gems1a
EUPATH_0010095,GEMS1 Case Control,gates_gems
EUPATH_0010095,GEMS1A Case Control,gates_gems1a
EUPATH_0010095,VIDA Case Control,gates_vida
EUPATH_0010097,GEMS1 Case Control,gates_gems
EUPATH_0010097,GEMS1A Case Control,gates_gems1a
EUPATH_0010097,MAL-ED 0-60m Cohort,gates_maled
EUPATH_0010097,SIP,gates_sip
EUPATH_0010097,VIDA Case Control,gates_vida
EUPATH_0010098,GEMS1 Case Control,gates_gems
EUPATH_0010098,GEMS1A Case Control,gates_gems1a
EUPATH_0010099,ELICIT,gates_elicit
EUPATH_0010099,GEMS1 Case Control,gates_gems
EUPATH_0010099,GEMS1A Case Control,gates_gems1a
EUPATH_0010099,VIDA Case Control,gates_vida
EUPATH_0010101,GEMS1 Case Control,gates_gems
EUPATH_0010101,GEMS1A Case Control,gates_gems1a
EUPATH_0010102,GEMS1 Case Control,gates_gems
EUPATH_0010102,GEMS1A Case Control,gates_gems1a
EUPATH_0010104,GEMS1 Case Control,gates_gems
EUPATH_0010104,GEMS1A Case Control,gates_gems1a
EUPATH_0010105,GEMS1 Case Control,gates_gems
EUPATH_0010105,GEMS1A Case Control,gates_gems1a
EUPATH_0010106,GEMS1 Case Control,gates_gems
EUPATH_0010106,GEMS1A Case Control,gates_gems1a
EUPATH_0010107,GEMS1 Case Control,gates_gems
EUPATH_0010107,GEMS1A Case Control,gates_gems1a
EUPATH_0010108,ELICIT,gates_elicit
EUPATH_0010108,GEMS1 Case Control,gates_gems
EUPATH_0010108,GEMS1A Case Control,gates_gems1a
EUPATH_0010108,SHINE,gates_shine
EUPATH_0010111,GEMS1 Case Control,gates_gems
EUPATH_0010111,GEMS1A Case Control,gates_gems1a
EUPATH_0010112,GEMS1 Case Control,gates_gems
EUPATH_0010112,GEMS1A Case Control,gates_gems1a
EUPATH_0010112,SHINE,gates_shine
EUPATH_0010115,GEMS1 Case Control,gates_gems
EUPATH_0010115,GEMS1A Case Control,gates_gems1a
EUPATH_0010116,GEMS1 Case Control,gates_gems
EUPATH_0010116,GEMS1A Case Control,gates_gems1a
EUPATH_0010119,GEMS1 Case Control,gates_gems
EUPATH_0010119,GEMS1A Case Control,gates_gems1a
EUPATH_0010120,GEMS1 Case Control,gates_gems
EUPATH_0010120,GEMS1A Case Control,gates_gems1a
EUPATH_0010123,GEMS1 Case Control,gates_gems
EUPATH_0010123,GEMS1A Case Control,gates_gems1a
EUPATH_0010123,GEMS1 HUAS/HUAS Lite Survey,gates_gems_huas
EUPATH_0010123,VIDA Case Control,gates_vida
EUPATH_0010123,VIDA HUCS Gambia Mali,gates_vida_hucs_gambia_mali
EUPATH_0010123,VIDA HUCS Kenya,gates_vida_hucs_kenya
EUPATH_0010123,India ICEMR DAMaN,icemr_india_daman
EUPATH_0010123,Malawi ICEMR Case-Control,icemr_malawi
EUPATH_0010123,Southeast Asia ICEMR Surveillance,icemr_southeast_asia
EUPATH_0010127,GEMS1 Case Control,gates_gems
EUPATH_0010127,GEMS1A Case Control,gates_gems1a
EUPATH_0010127,GEMS1 HUAS/HUAS Lite Survey,gates_gems_huas
EUPATH_0010127,VIDA Case Control,gates_vida
EUPATH_0010129,GEMS1 Case Control,gates_gems
EUPATH_0010129,GEMS1A Case Control,gates_gems1a
EUPATH_0010129,GEMS1 HUAS/HUAS Lite Survey,gates_gems_huas
EUPATH_0010129,VIDA Case Control,gates_vida
EUPATH_0010129,VIDA HUCS Gambia Mali,gates_vida_hucs_gambia_mali
EUPATH_0010129,VIDA HUCS Kenya,gates_vida_hucs_kenya
EUPATH_0010135,GEMS1 Case Control,gates_gems
EUPATH_0010135,GEMS1A Case Control,gates_gems1a
EUPATH_0010135,VIDA Case Control,gates_vida
EUPATH_0010137,GEMS1 Case Control,gates_gems
EUPATH_0010137,GEMS1A Case Control,gates_gems1a
EUPATH_0010137,VIDA Case Control,gates_vida
EUPATH_0010141,GEMS1 Case Control,gates_gems
EUPATH_0010141,GEMS1A Case Control,gates_gems1a
EUPATH_0010141,VIDA Case Control,gates_vida
EUPATH_0010147,GEMS1 Case Control,gates_gems
EUPATH_0010147,GEMS1A Case Control,gates_gems1a
EUPATH_0010151,GEMS1 Case Control,gates_gems
EUPATH_0010151,GEMS1A Case Control,gates_gems1a
EUPATH_0010153,GEMS1 Case Control,gates_gems
EUPATH_0010153,GEMS1A Case Control,gates_gems1a
EUPATH_0010154,GEMS1 Case Control,gates_gems
EUPATH_0010154,GEMS1A Case Control,gates_gems1a
EUPATH_0010155,GEMS1 Case Control,gates_gems
EUPATH_0010155,GEMS1A Case Control,gates_gems1a
EUPATH_0010155,GEMS1A HUAS Lite Survey,gates_gems1a_huas
EUPATH_0010155,GEMS1 HUAS/HUAS Lite Survey,gates_gems_huas
EUPATH_0010155,VIDA Case Control,gates_vida
EUPATH_0010155,VIDA HUCS Gambia Mali,gates_vida_hucs_gambia_mali
EUPATH_0010155,VIDA HUCS Kenya,gates_vida_hucs_kenya
EUPATH_0010157,GEMS1 Case Control,gates_gems
EUPATH_0010157,GEMS1A Case Control,gates_gems1a
EUPATH_0010157,GEMS1A HUAS Lite Survey,gates_gems1a_huas
EUPATH_0010157,GEMS1 HUAS/HUAS Lite Survey,gates_gems_huas
EUPATH_0010157,VIDA Case Control,gates_vida
EUPATH_0010159,GEMS1 Case Control,gates_gems
EUPATH_0010159,GEMS1A Case Control,gates_gems1a
EUPATH_0010159,GEMS1A HUAS Lite Survey,gates_gems1a_huas
EUPATH_0010159,GEMS1 HUAS/HUAS Lite Survey,gates_gems_huas
EUPATH_0010161,GEMS1 Case Control,gates_gems
EUPATH_0010161,GEMS1A Case Control,gates_gems1a
EUPATH_0010161,GEMS1A HUAS Lite Survey,gates_gems1a_huas
EUPATH_0010161,GEMS1 HUAS/HUAS Lite Survey,gates_gems_huas
EUPATH_0010161,VIDA Case Control,gates_vida
EUPATH_0010161,VIDA HUCS Gambia Mali,gates_vida_hucs_gambia_mali
EUPATH_0010161,VIDA HUCS Kenya,gates_vida_hucs_kenya
EUPATH_0010163,GEMS1 Case Control,gates_gems
EUPATH_0010163,GEMS1A Case Control,gates_gems1a
EUPATH_0010163,GEMS1A HUAS Lite Survey,gates_gems1a_huas
EUPATH_0010163,GEMS1 HUAS/HUAS Lite Survey,gates_gems_huas
EUPATH_0010163,VIDA Case Control,gates_vida
EUPATH_0010165,GEMS1 Case Control,gates_gems
EUPATH_0010165,GEMS1A Case Control,gates_gems1a
EUPATH_0010165,GEMS1A HUAS Lite Survey,gates_gems1a_huas
EUPATH_0010165,GEMS1 HUAS/HUAS Lite Survey,gates_gems_huas
EUPATH_0010167,GEMS1 Case Control,gates_gems
EUPATH_0010167,GEMS1A Case Control,gates_gems1a
EUPATH_0010167,GEMS1A HUAS Lite Survey,gates_gems1a_huas
EUPATH_0010167,GEMS1 HUAS/HUAS Lite Survey,gates_gems_huas
EUPATH_0010167,VIDA Case Control,gates_vida
EUPATH_0010167,VIDA HUCS Gambia Mali,gates_vida_hucs_gambia_mali
EUPATH_0010167,VIDA HUCS Kenya,gates_vida_hucs_kenya
EUPATH_0010169,GEMS1 Case Control,gates_gems
EUPATH_0010169,GEMS1A Case Control,gates_gems1a
EUPATH_0010169,GEMS1A HUAS Lite Survey,gates_gems1a_huas
EUPATH_0010169,GEMS1 HUAS/HUAS Lite Survey,gates_gems_huas
EUPATH_0010169,VIDA Case Control,gates_vida
EUPATH_0010171,GEMS1 Case Control,gates_gems
EUPATH_0010171,GEMS1A Case Control,gates_gems1a
EUPATH_0010171,GEMS1A HUAS Lite Survey,gates_gems1a_huas
EUPATH_0010171,GEMS1 HUAS/HUAS Lite Survey,gates_gems_huas
EUPATH_0010173,GEMS1 Case Control,gates_gems
EUPATH_0010173,GEMS1A Case Control,gates_gems1a
EUPATH_0010173,VIDA Case Control,gates_vida
EUPATH_0010177,GEMS1 Case Control,gates_gems
EUPATH_0010177,GEMS1A Case Control,gates_gems1a
EUPATH_0010177,GEMS1A HUAS Lite Survey,gates_gems1a_huas
EUPATH_0010177,GEMS1 HUAS/HUAS Lite Survey,gates_gems_huas
EUPATH_0010177,VIDA Case Control,gates_vida
EUPATH_0010177,VIDA HUCS Gambia Mali,gates_vida_hucs_gambia_mali
EUPATH_0010177,VIDA HUCS Kenya,gates_vida_hucs_kenya
EUPATH_0010215,GEMS1 Case Control,gates_gems
EUPATH_0010215,GEMS1A Case Control,gates_gems1a
EUPATH_0010216,GEMS1 Case Control,gates_gems
EUPATH_0010216,GEMS1A Case Control,gates_gems1a
EUPATH_0010217,GEMS1 Case Control,gates_gems
EUPATH_0010217,GEMS1A Case Control,gates_gems1a
EUPATH_0010217,MAL-ED 0-60m Cohort,gates_maled
EUPATH_0010217,PROVIDE Randomized Controlled Trial,gates_provide
EUPATH_0010218,GEMS1 Case Control,gates_gems
EUPATH_0010218,GEMS1A Case Control,gates_gems1a
EUPATH_0010219,GEMS1 Case Control,gates_gems
EUPATH_0010219,GEMS1A Case Control,gates_gems1a
EUPATH_0010220,GEMS1 Case Control,gates_gems
EUPATH_0010220,GEMS1A Case Control,gates_gems1a
EUPATH_0010221,GEMS1 Case Control,gates_gems
EUPATH_0010221,GEMS1A Case Control,gates_gems1a
EUPATH_0010222,GEMS1 Case Control,gates_gems
EUPATH_0010222,GEMS1A Case Control,gates_gems1a
EUPATH_0010223,GEMS1 Case Control,gates_gems
EUPATH_0010223,GEMS1A Case Control,gates_gems1a
EUPATH_0010224,GEMS1 Case Control,gates_gems
EUPATH_0010224,GEMS1A Case Control,gates_gems1a
EUPATH_0010225,GEMS1 Case Control,gates_gems
EUPATH_0010225,GEMS1A Case Control,gates_gems1a
EUPATH_0010232,"avenir,baseline",gates_avenir
EUPATH_0010232,GEMS1 Case Control,gates_gems
EUPATH_0010232,GEMS1A Case Control,gates_gems1a
EUPATH_0010232,GEMS1 HUAS/HUAS Lite Survey,gates_gems_huas
EUPATH_0010232,LLINE UP Cluster Randomized Trial,gates_llineup
EUPATH_0010232,VIDA Case Control,gates_vida
EUPATH_0010234,GEMS1 Case Control,gates_gems
EUPATH_0010234,GEMS1A Case Control,gates_gems1a
EUPATH_0010234,VIDA Case Control,gates_vida
EUPATH_0010236,GEMS1 Case Control,gates_gems
EUPATH_0010236,GEMS1A Case Control,gates_gems1a
EUPATH_0010236,VIDA Case Control,gates_vida
EUPATH_0010238,GEMS1 Case Control,gates_gems
EUPATH_0010238,GEMS1A Case Control,gates_gems1a
EUPATH_0010238,GEMS1A HUAS Lite Survey,gates_gems1a_huas
EUPATH_0010238,GEMS1 HUAS/HUAS Lite Survey,gates_gems_huas
EUPATH_0010238,MAL-ED 0-60m Cohort,gates_maled
EUPATH_0010238,PROVIDE Randomized Controlled Trial,gates_provide
EUPATH_0010238,VIDA Case Control,gates_vida
EUPATH_0010238,VIDA HUCS Gambia Mali,gates_vida_hucs_gambia_mali
EUPATH_0010238,VIDA HUCS Kenya,gates_vida_hucs_kenya
EUPATH_0010239,GEMS1 Case Control,gates_gems
EUPATH_0010239,GEMS1A Case Control,gates_gems1a
EUPATH_0010239,VIDA Case Control,gates_vida
EUPATH_0010240,GEMS1 Case Control,gates_gems
EUPATH_0010240,GEMS1A Case Control,gates_gems1a
EUPATH_0010240,GEMS1A HUAS Lite Survey,gates_gems1a_huas
EUPATH_0010240,GEMS1 HUAS/HUAS Lite Survey,gates_gems_huas
EUPATH_0010240,MAL-ED 0-60m Cohort,gates_maled
EUPATH_0010240,PROVIDE Randomized Controlled Trial,gates_provide
EUPATH_0010240,VIDA Case Control,gates_vida
EUPATH_0010240,VIDA HUCS Gambia Mali,gates_vida_hucs_gambia_mali
EUPATH_0010240,VIDA HUCS Kenya,gates_vida_hucs_kenya
EUPATH_0010240,Southern Africa ICEMR Cross-sectional,icemr_southern_africa
EUPATH_0010241,GEMS1 Case Control,gates_gems
EUPATH_0010241,GEMS1A Case Control,gates_gems1a
EUPATH_0010241,GEMS1A HUAS Lite Survey,gates_gems1a_huas
EUPATH_0010241,GEMS1 HUAS/HUAS Lite Survey,gates_gems_huas
EUPATH_0010241,VIDA Case Control,gates_vida
EUPATH_0010241,VIDA HUCS Gambia Mali,gates_vida_hucs_gambia_mali
EUPATH_0010241,VIDA HUCS Kenya,gates_vida_hucs_kenya
EUPATH_0010243,GEMS1 Case Control,gates_gems
EUPATH_0010243,GEMS1A Case Control,gates_gems1a
EUPATH_0010243,GEMS1 HUAS/HUAS Lite Survey,gates_gems_huas
EUPATH_0010244,GEMS1 Case Control,gates_gems
EUPATH_0010244,GEMS1A Case Control,gates_gems1a
EUPATH_0010244,GEMS1 HUAS/HUAS Lite Survey,gates_gems_huas
EUPATH_0010245,GEMS1 Case Control,gates_gems
EUPATH_0010245,GEMS1A Case Control,gates_gems1a
EUPATH_0010246,GEMS1 Case Control,gates_gems
EUPATH_0010246,GEMS1A Case Control,gates_gems1a
EUPATH_0010246,GEMS1 HUAS/HUAS Lite Survey,gates_gems_huas
EUPATH_0010247,GEMS1 Case Control,gates_gems
EUPATH_0010247,GEMS1A Case Control,gates_gems1a
EUPATH_0010247,GEMS1 HUAS/HUAS Lite Survey,gates_gems_huas
EUPATH_0010248,GEMS1 Case Control,gates_gems
EUPATH_0010248,GEMS1A Case Control,gates_gems1a
EUPATH_0010248,GEMS1 HUAS/HUAS Lite Survey,gates_gems_huas
EUPATH_0010249,GEMS1 Case Control,gates_gems
EUPATH_0010249,GEMS1A Case Control,gates_gems1a
EUPATH_0010249,GEMS1 HUAS/HUAS Lite Survey,gates_gems_huas
EUPATH_0010250,GEMS1 Case Control,gates_gems
EUPATH_0010250,GEMS1A Case Control,gates_gems1a
EUPATH_0010250,GEMS1 HUAS/HUAS Lite Survey,gates_gems_huas
EUPATH_0010251,GEMS1 Case Control,gates_gems
EUPATH_0010251,GEMS1A Case Control,gates_gems1a
EUPATH_0010251,GEMS1 HUAS/HUAS Lite Survey,gates_gems_huas
EUPATH_0010252,GEMS1 Case Control,gates_gems
EUPATH_0010252,GEMS1A Case Control,gates_gems1a
EUPATH_0010252,GEMS1 HUAS/HUAS Lite Survey,gates_gems_huas
EUPATH_0010253,GEMS1 Case Control,gates_gems
EUPATH_0010253,GEMS1A Case Control,gates_gems1a
EUPATH_0010253,GEMS1 HUAS/HUAS Lite Survey,gates_gems_huas
EUPATH_0010254,GEMS1 Case Control,gates_gems
EUPATH_0010254,GEMS1A Case Control,gates_gems1a
EUPATH_0010254,GEMS1 HUAS/HUAS Lite Survey,gates_gems_huas
EUPATH_0010255,GEMS1 Case Control,gates_gems
EUPATH_0010255,GEMS1A Case Control,gates_gems1a
EUPATH_0010255,GEMS1 HUAS/HUAS Lite Survey,gates_gems_huas
EUPATH_0010256,GEMS1 Case Control,gates_gems
EUPATH_0010256,GEMS1A Case Control,gates_gems1a
EUPATH_0010256,GEMS1 HUAS/HUAS Lite Survey,gates_gems_huas
EUPATH_0010257,GEMS1 Case Control,gates_gems
EUPATH_0010257,GEMS1A Case Control,gates_gems1a
EUPATH_0010257,GEMS1 HUAS/HUAS Lite Survey,gates_gems_huas
EUPATH_0010258,GEMS1 Case Control,gates_gems
EUPATH_0010258,GEMS1A Case Control,gates_gems1a
EUPATH_0010258,GEMS1 HUAS/HUAS Lite Survey,gates_gems_huas
EUPATH_0010260,GEMS1 Case Control,gates_gems
EUPATH_0010260,GEMS1A Case Control,gates_gems1a
EUPATH_0010260,GEMS1 HUAS/HUAS Lite Survey,gates_gems_huas
EUPATH_0010261,GEMS1 Case Control,gates_gems
EUPATH_0010261,GEMS1A Case Control,gates_gems1a
EUPATH_0010261,GEMS1 HUAS/HUAS Lite Survey,gates_gems_huas
EUPATH_0010262,GEMS1 Case Control,gates_gems
EUPATH_0010262,GEMS1A Case Control,gates_gems1a
EUPATH_0010263,GEMS1 Case Control,gates_gems
EUPATH_0010263,GEMS1A Case Control,gates_gems1a
EUPATH_0010264,GEMS1 Case Control,gates_gems
EUPATH_0010264,GEMS1A Case Control,gates_gems1a
EUPATH_0010265,GEMS1 Case Control,gates_gems
EUPATH_0010265,GEMS1A Case Control,gates_gems1a
EUPATH_0010266,GEMS1 Case Control,gates_gems
EUPATH_0010266,GEMS1A Case Control,gates_gems1a
EUPATH_0010267,GEMS1 Case Control,gates_gems
EUPATH_0010267,GEMS1A Case Control,gates_gems1a
EUPATH_0010268,GEMS1 Case Control,gates_gems
EUPATH_0010268,GEMS1A Case Control,gates_gems1a
EUPATH_0010269,GEMS1 Case Control,gates_gems
EUPATH_0010269,GEMS1A Case Control,gates_gems1a
EUPATH_0010270,GEMS1 Case Control,gates_gems
EUPATH_0010270,GEMS1A Case Control,gates_gems1a
EUPATH_0010271,GEMS1 Case Control,gates_gems
EUPATH_0010271,GEMS1A Case Control,gates_gems1a
EUPATH_0010272,GEMS1 Case Control,gates_gems
EUPATH_0010272,GEMS1A Case Control,gates_gems1a
EUPATH_0010273,GEMS1 Case Control,gates_gems
EUPATH_0010273,GEMS1A Case Control,gates_gems1a
EUPATH_0010274,GEMS1 Case Control,gates_gems
EUPATH_0010274,GEMS1A Case Control,gates_gems1a
EUPATH_0010275,GEMS1 Case Control,gates_gems
EUPATH_0010275,GEMS1A Case Control,gates_gems1a
EUPATH_0010276,GEMS1 Case Control,gates_gems
EUPATH_0010276,GEMS1A Case Control,gates_gems1a
EUPATH_0010277,GEMS1 Case Control,gates_gems
EUPATH_0010277,GEMS1A Case Control,gates_gems1a
EUPATH_0010278,GEMS1 Case Control,gates_gems
EUPATH_0010278,GEMS1A Case Control,gates_gems1a
EUPATH_0010291,GEMS1 Case Control,gates_gems
EUPATH_0010291,GEMS1A Case Control,gates_gems1a
EUPATH_0010291,Southern Africa ICEMR Cross-sectional,icemr_southern_africa
EUPATH_0010292,GEMS1 Case Control,gates_gems
EUPATH_0010292,GEMS1A Case Control,gates_gems1a
EUPATH_0010293,GEMS1 Case Control,gates_gems
EUPATH_0010293,GEMS1A Case Control,gates_gems1a
EUPATH_0010294,GEMS1 Case Control,gates_gems
EUPATH_0010294,GEMS1A Case Control,gates_gems1a
EUPATH_0010295,GEMS1 Case Control,gates_gems
EUPATH_0010295,GEMS1A Case Control,gates_gems1a
EUPATH_0010296,GEMS1 Case Control,gates_gems
EUPATH_0010296,GEMS1A Case Control,gates_gems1a
EUPATH_0010297,GEMS1 Case Control,gates_gems
EUPATH_0010297,GEMS1A Case Control,gates_gems1a
EUPATH_0010298,GEMS1 Case Control,gates_gems
EUPATH_0010298,GEMS1A Case Control,gates_gems1a
EUPATH_0010299,GEMS1 Case Control,gates_gems
EUPATH_0010299,GEMS1A Case Control,gates_gems1a
EUPATH_0010300,GEMS1 Case Control,gates_gems
EUPATH_0010300,GEMS1A Case Control,gates_gems1a
EUPATH_0010314,GEMS1 Case Control,gates_gems
EUPATH_0010314,GEMS1A Case Control,gates_gems1a
EUPATH_0010315,GEMS1 Case Control,gates_gems
EUPATH_0010315,GEMS1A Case Control,gates_gems1a
EUPATH_0010316,GEMS1 Case Control,gates_gems
EUPATH_0010317,GEMS1 Case Control,gates_gems
EUPATH_0010317,GEMS1A Case Control,gates_gems1a
EUPATH_0010318,GEMS1 Case Control,gates_gems
EUPATH_0010318,GEMS1A Case Control,gates_gems1a
EUPATH_0010319,GEMS1 Case Control,gates_gems
EUPATH_0010319,GEMS1A Case Control,gates_gems1a
EUPATH_0010320,GEMS1 Case Control,gates_gems
EUPATH_0010320,GEMS1A Case Control,gates_gems1a
EUPATH_0010345,GEMS1 Case Control,gates_gems
EUPATH_0010345,GEMS1A Case Control,gates_gems1a
EUPATH_0010345,GEMS1A HUAS Lite Survey,gates_gems1a_huas
EUPATH_0010345,GEMS1 HUAS/HUAS Lite Survey,gates_gems_huas
EUPATH_0010345,VIDA Case Control,gates_vida
EUPATH_0010345,VIDA HUCS Gambia Mali,gates_vida_hucs_gambia_mali
EUPATH_0010345,VIDA HUCS Kenya,gates_vida_hucs_kenya
EUPATH_0010346,GEMS1 Case Control,gates_gems
EUPATH_0010346,GEMS1A Case Control,gates_gems1a
EUPATH_0010346,SIP,gates_sip
EUPATH_0010346,VIDA Case Control,gates_vida
EUPATH_0010346,PRISM2 ICEMR Border Cohort,icemr_prism2_border_cohort
EUPATH_0010347,GEMS1 Case Control,gates_gems
EUPATH_0010347,GEMS1A Case Control,gates_gems1a
EUPATH_0010347,VIDA Case Control,gates_vida
EUPATH_0010353,GEMS1 Case Control,gates_gems
EUPATH_0010353,GEMS1A Case Control,gates_gems1a
EUPATH_0010353,PERCH Case Control,gates_perch
EUPATH_0010353,VIDA Case Control,gates_vida
EUPATH_0010353,India ICEMR Severe P.vivax and falciparum Cohort,icemr_india_severe_malaria
EUPATH_0010356,GEMS1 Case Control,gates_gems
EUPATH_0010356,GEMS1A Case Control,gates_gems1a
EUPATH_0010356,Amazonia ICEMR Brazil Cohort,icemr_amazonia_brazil
EUPATH_0010357,GEMS1 Case Control,gates_gems
EUPATH_0010357,GEMS1A Case Control,gates_gems1a
EUPATH_0010367,GEMS1 Case Control,gates_gems
EUPATH_0010367,GEMS1A Case Control,gates_gems1a
EUPATH_0010367,GEMS1A HUAS Lite Survey,gates_gems1a_huas
EUPATH_0010367,GEMS1 HUAS/HUAS Lite Survey,gates_gems_huas
EUPATH_0010367,LLINE UP Cluster Randomized Trial,gates_llineup
EUPATH_0010367,PERCH Case Control,gates_perch
EUPATH_0010367,SCORE Mozambique Cluster Randomized Trial,gates_score_moz
EUPATH_0010367,SCORE Niger Cluster Randomized Trial,gates_score_nig
EUPATH_0010367,SCORE Seasonal,gates_score_seasonal
EUPATH_0010367,SCORE S. mansoni Cluster Randomized Trial,gates_score_sm_crt
EUPATH_0010367,VIDA Case Control,gates_vida
EUPATH_0010367,VIDA HUCS Gambia Mali,gates_vida_hucs_gambia_mali
EUPATH_0010367,VIDA HUCS Kenya,gates_vida_hucs_kenya
EUPATH_0010367,UMSP Surveillance,general_umsp
EUPATH_0010367,Myanmar ICEMR,icemr_myanmar
EUPATH_0010367,PRISM2 ICEMR Cohort,icemr_prism2
EUPATH_0010367,PRISM2 ICEMR Border Cohort,icemr_prism2_border_cohort
EUPATH_0010368,GEMS1 Case Control,gates_gems
EUPATH_0010368,GEMS1A Case Control,gates_gems1a
EUPATH_0010368,VIDA Case Control,gates_vida
EUPATH_0010369,GEMS1 Case Control,gates_gems
EUPATH_0010369,GEMS1A Case Control,gates_gems1a
EUPATH_0010370,GEMS1 Case Control,gates_gems
EUPATH_0010370,GEMS1A Case Control,gates_gems1a
EUPATH_0010370,WASH Benefits Kenya Cluster Randomized Trial,gates_washb_kenya
EUPATH_0010373,GEMS1 Case Control,gates_gems
EUPATH_0010374,GAMIN RCT,gates_gamin
EUPATH_0010374,WASHb BNG Cluster Randomized Trial,gates_washb_bangladesh
EUPATH_0010375,GEMS1 Case Control,gates_gems
EUPATH_0010375,GEMS1A Case Control,gates_gems1a
EUPATH_0010375,PERCH Case Control,gates_perch
EUPATH_0010375,VIDA Case Control,gates_vida
EUPATH_0010375,Malawi ICEMR Case-Control,icemr_malawi
EUPATH_0010378,GEMS1 Case Control,gates_gems
EUPATH_0010378,GEMS1A Case Control,gates_gems1a
EUPATH_0010378,VIDA Case Control,gates_vida
EUPATH_0010378,VIDA HUCS Gambia Mali,gates_vida_hucs_gambia_mali
EUPATH_0010379,GEMS1 Case Control,gates_gems
EUPATH_0010379,GEMS1A Case Control,gates_gems1a
EUPATH_0010379,GEMS1 HUAS/HUAS Lite Survey,gates_gems_huas
EUPATH_0010380,GEMS1 Case Control,gates_gems
EUPATH_0010380,GEMS1A Case Control,gates_gems1a
EUPATH_0010380,GEMS1A HUAS Lite Survey,gates_gems1a_huas
EUPATH_0010380,GEMS1 HUAS/HUAS Lite Survey,gates_gems_huas
EUPATH_0010380,VIDA Case Control,gates_vida
EUPATH_0010380,VIDA HUCS Gambia Mali,gates_vida_hucs_gambia_mali
EUPATH_0010380,VIDA HUCS Kenya,gates_vida_hucs_kenya
EUPATH_0010381,GEMS1 Case Control,gates_gems
EUPATH_0010381,GEMS1A Case Control,gates_gems1a
EUPATH_0010383,ELICIT,gates_elicit
EUPATH_0010383,GEMS1 Case Control,gates_gems
EUPATH_0010383,GEMS1A Case Control,gates_gems1a
EUPATH_0010383,VIDA Case Control,gates_vida
EUPATH_0010389,GEMS1 Case Control,gates_gems
EUPATH_0010389,GEMS1A Case Control,gates_gems1a
EUPATH_0010389,VIDA Case Control,gates_vida
EUPATH_0010390,GEMS1 Case Control,gates_gems
EUPATH_0010390,GEMS1A Case Control,gates_gems1a
EUPATH_0010390,GEMS1 HUAS/HUAS Lite Survey,gates_gems_huas
EUPATH_0010390,VIDA Case Control,gates_vida
EUPATH_0010391,GEMS1 Case Control,gates_gems
EUPATH_0010391,GEMS1A Case Control,gates_gems1a
EUPATH_0010391,VIDA Case Control,gates_vida
EUPATH_0010393,GEMS1 Case Control,gates_gems
EUPATH_0010393,GEMS1A Case Control,gates_gems1a
EUPATH_0010393,VIDA Case Control,gates_vida
EUPATH_0010394,GEMS1 Case Control,gates_gems
EUPATH_0010394,GEMS1A Case Control,gates_gems1a
EUPATH_0010394,VIDA Case Control,gates_vida
EUPATH_0010395,GAMIN RCT,gates_gamin
EUPATH_0010395,GEMS1 Case Control,gates_gems
EUPATH_0010395,GEMS1A Case Control,gates_gems1a
EUPATH_0010395,VIDA Case Control,gates_vida
EUPATH_0010398,GEMS1 Case Control,gates_gems
EUPATH_0010398,GEMS1A Case Control,gates_gems1a
EUPATH_0010399,GEMS1 Case Control,gates_gems
EUPATH_0010399,GEMS1A Case Control,gates_gems1a
EUPATH_0010400,GEMS1 Case Control,gates_gems
EUPATH_0010400,GEMS1A Case Control,gates_gems1a
EUPATH_0010400,PROVIDE Randomized Controlled Trial,gates_provide
EUPATH_0010401,GEMS1 Case Control,gates_gems
EUPATH_0010401,GEMS1A Case Control,gates_gems1a
EUPATH_0010405,GEMS1 Case Control,gates_gems
EUPATH_0010405,GEMS1A Case Control,gates_gems1a
EUPATH_0010406,GEMS1 Case Control,gates_gems
EUPATH_0010406,GEMS1A Case Control,gates_gems1a
EUPATH_0010411,VIDA Case Control,gates_vida
EUPATH_0010413,GEMS1 Case Control,gates_gems
EUPATH_0010413,GEMS1A Case Control,gates_gems1a
EUPATH_0010413,VIDA Case Control,gates_vida
EUPATH_0010414,GEMS1 Case Control,gates_gems
EUPATH_0010414,GEMS1A Case Control,gates_gems1a
EUPATH_0010414,VIDA Case Control,gates_vida
EUPATH_0010415,GEMS1 Case Control,gates_gems
EUPATH_0010415,GEMS1A Case Control,gates_gems1a
EUPATH_0010415,VIDA Case Control,gates_vida
EUPATH_0010416,GEMS1 Case Control,gates_gems
EUPATH_0010416,GEMS1A Case Control,gates_gems1a
EUPATH_0010416,VIDA Case Control,gates_vida
EUPATH_0010417,GEMS1 Case Control,gates_gems
EUPATH_0010417,GEMS1A Case Control,gates_gems1a
EUPATH_0010417,VIDA Case Control,gates_vida
EUPATH_0010418,Malawi ICEMR Case-Control,icemr_malawi
EUPATH_0010420,GAMIN RCT,gates_gamin
EUPATH_0010420,Malawi ICEMR Case-Control,icemr_malawi
EUPATH_0010421,GEMS1 Case Control,gates_gems
EUPATH_0010421,GEMS1A Case Control,gates_gems1a
EUPATH_0010421,VIDA Case Control,gates_vida
EUPATH_0010422,GEMS1 Case Control,gates_gems
EUPATH_0010422,GEMS1A Case Control,gates_gems1a
EUPATH_0010422,VIDA Case Control,gates_vida
EUPATH_0010423,GEMS1 Case Control,gates_gems
EUPATH_0010423,GEMS1A Case Control,gates_gems1a
EUPATH_0010423,VIDA Case Control,gates_vida
EUPATH_0010424,PRISM2 ICEMR Cohort,icemr_prism2
EUPATH_0010425,GEMS1 Case Control,gates_gems
EUPATH_0010425,GEMS1A Case Control,gates_gems1a
EUPATH_0010425,VIDA Case Control,gates_vida
EUPATH_0010438,MAL-ED 0-60m Cohort,gates_maled
EUPATH_0010471,MAL-ED 0-60m Cohort,gates_maled
EUPATH_0010472,MAL-ED 0-60m Cohort,gates_maled
EUPATH_0010472,PROVIDE Randomized Controlled Trial,gates_provide
EUPATH_0010473,MAL-ED 0-60m Cohort,gates_maled
EUPATH_0010474,MAL-ED 0-60m Cohort,gates_maled
EUPATH_0010475,MAL-ED 0-60m Cohort,gates_maled
EUPATH_0010476,MAL-ED 0-60m Cohort,gates_maled
EUPATH_0010477,MAL-ED 0-60m Cohort,gates_maled
EUPATH_0010477,PROVIDE Randomized Controlled Trial,gates_provide
EUPATH_0010478,MAL-ED 0-60m Cohort,gates_maled
EUPATH_0010478,PROVIDE Randomized Controlled Trial,gates_provide
EUPATH_0010480,MAL-ED 0-60m Cohort,gates_maled
EUPATH_0010482,MAL-ED 0-60m Cohort,gates_maled
EUPATH_0010483,MAL-ED 0-60m Cohort,gates_maled
EUPATH_0010484,MAL-ED 0-60m Cohort,gates_maled
EUPATH_0010485,MAL-ED 0-60m Cohort,gates_maled
EUPATH_0010486,MAL-ED 0-60m Cohort,gates_maled
EUPATH_0010487,MAL-ED 0-60m Cohort,gates_maled
EUPATH_0010488,MAL-ED 0-60m Cohort,gates_maled
EUPATH_0010489,MAL-ED 0-60m Cohort,gates_maled
EUPATH_0010491,MAL-ED 0-60m Cohort,gates_maled
EUPATH_0010492,MAL-ED 0-60m Cohort,gates_maled
EUPATH_0010493,MAL-ED 0-60m Cohort,gates_maled
EUPATH_0010494,MAL-ED 0-60m Cohort,gates_maled
EUPATH_0010494,Kalifabougou,general_kalifabougou
EUPATH_0010495,MAL-ED 0-60m Cohort,gates_maled
EUPATH_0010496,MAL-ED 0-60m Cohort,gates_maled
EUPATH_0010497,MAL-ED 0-60m Cohort,gates_maled
EUPATH_0010498,MAL-ED 0-60m Cohort,gates_maled
EUPATH_0010499,MAL-ED 0-60m Cohort,gates_maled
EUPATH_0010500,MAL-ED 0-60m Cohort,gates_maled
EUPATH_0010502,MAL-ED 0-60m Cohort,gates_maled
EUPATH_0010502,PROVIDE Randomized Controlled Trial,gates_provide
EUPATH_0010503,MAL-ED 0-60m Cohort,gates_maled
EUPATH_0010505,MAL-ED 0-60m Cohort,gates_maled
EUPATH_0010506,MAL-ED 0-60m Cohort,gates_maled
EUPATH_0010507,MAL-ED 0-60m Cohort,gates_maled
EUPATH_0010508,MAL-ED 0-60m Cohort,gates_maled
EUPATH_0010509,MAL-ED 0-60m Cohort,gates_maled
EUPATH_0010510,MAL-ED 0-60m Cohort,gates_maled
EUPATH_0010511,MAL-ED 0-60m Cohort,gates_maled
EUPATH_0010512,MAL-ED 0-60m Cohort,gates_maled
EUPATH_0010513,MAL-ED 0-60m Cohort,gates_maled
EUPATH_0010514,MAL-ED 0-60m Cohort,gates_maled
EUPATH_0010515,MAL-ED 0-60m Cohort,gates_maled
EUPATH_0010516,MAL-ED 0-60m Cohort,gates_maled
EUPATH_0010517,MAL-ED 0-60m Cohort,gates_maled
EUPATH_0010518,MAL-ED 0-60m Cohort,gates_maled
EUPATH_0010519,MAL-ED 0-60m Cohort,gates_maled
EUPATH_0010520,MAL-ED 0-60m Cohort,gates_maled
EUPATH_0010521,MAL-ED 0-60m Cohort,gates_maled
EUPATH_0010522,MAL-ED 0-60m Cohort,gates_maled
EUPATH_0010524,MAL-ED 0-60m Cohort,gates_maled
EUPATH_0010525,MAL-ED 0-60m Cohort,gates_maled
EUPATH_0010526,MAL-ED 0-60m Cohort,gates_maled
EUPATH_0010527,MAL-ED 0-60m Cohort,gates_maled
EUPATH_0010528,MAL-ED 0-60m Cohort,gates_maled
EUPATH_0010528,PERCH Case Control,gates_perch
EUPATH_0010528,SIP,gates_sip
EUPATH_0010529,MAL-ED 0-60m Cohort,gates_maled
EUPATH_0010530,MAL-ED 0-60m Cohort,gates_maled
EUPATH_0010532,MAL-ED 0-60m Cohort,gates_maled
EUPATH_0010532,PERCH Case Control,gates_perch
EUPATH_0010533,MAL-ED 0-60m Cohort,gates_maled
EUPATH_0010533,PROVIDE Randomized Controlled Trial,gates_provide
EUPATH_0010534,MAL-ED 0-60m Cohort,gates_maled
EUPATH_0010534,PERCH Case Control,gates_perch
EUPATH_0010536,MAL-ED 0-60m Cohort,gates_maled
EUPATH_0010536,PROVIDE Randomized Controlled Trial,gates_provide
EUPATH_0010537,MAL-ED 0-60m Cohort,gates_maled
EUPATH_0010537,PROVIDE Randomized Controlled Trial,gates_provide
EUPATH_0010538,MAL-ED 0-60m Cohort,gates_maled
EUPATH_0010538,PERCH Case Control,gates_perch
EUPATH_0010539,MAL-ED 0-60m Cohort,gates_maled
EUPATH_0010540,MAL-ED 0-60m Cohort,gates_maled
EUPATH_0010543,MAL-ED 0-60m Cohort,gates_maled
EUPATH_0010544,MAL-ED 0-60m Cohort,gates_maled
EUPATH_0010544,PERCH Case Control,gates_perch
EUPATH_0010546,MAL-ED 0-60m Cohort,gates_maled
EUPATH_0010548,MAL-ED 0-60m Cohort,gates_maled
EUPATH_0010552,MAL-ED 0-60m Cohort,gates_maled
EUPATH_0010553,MAL-ED 0-60m Cohort,gates_maled
EUPATH_0010554,MAL-ED 0-60m Cohort,gates_maled
EUPATH_0010556,MAL-ED 0-60m Cohort,gates_maled
EUPATH_0010558,MAL-ED 0-60m Cohort,gates_maled
EUPATH_0010558,PROVIDE Randomized Controlled Trial,gates_provide
EUPATH_0010559,MAL-ED 0-60m Cohort,gates_maled
EUPATH_0010561,MAL-ED 0-60m Cohort,gates_maled
EUPATH_0010562,MAL-ED 0-60m Cohort,gates_maled
EUPATH_0010564,MAL-ED 0-60m Cohort,gates_maled
EUPATH_0010565,MAL-ED 0-60m Cohort,gates_maled
EUPATH_0010566,MAL-ED 0-60m Cohort,gates_maled
EUPATH_0010567,MAL-ED 0-60m Cohort,gates_maled
EUPATH_0010568,MAL-ED 0-60m Cohort,gates_maled
EUPATH_0010569,MAL-ED 0-60m Cohort,gates_maled
EUPATH_0010570,MAL-ED 0-60m Cohort,gates_maled
EUPATH_0010571,MAL-ED 0-60m Cohort,gates_maled
EUPATH_0010572,MAL-ED 0-60m Cohort,gates_maled
EUPATH_0010573,MAL-ED 0-60m Cohort,gates_maled
EUPATH_0010574,MAL-ED 0-60m Cohort,gates_maled
EUPATH_0010575,MAL-ED 0-60m Cohort,gates_maled
EUPATH_0010576,MAL-ED 0-60m Cohort,gates_maled
EUPATH_0010577,MAL-ED 0-60m Cohort,gates_maled
EUPATH_0010578,MAL-ED 0-60m Cohort,gates_maled
EUPATH_0010579,MAL-ED 0-60m Cohort,gates_maled
EUPATH_0010580,MAL-ED 0-60m Cohort,gates_maled
EUPATH_0010581,MAL-ED 0-60m Cohort,gates_maled
EUPATH_0010581,PROVIDE Randomized Controlled Trial,gates_provide
EUPATH_0010582,MAL-ED 0-60m Cohort,gates_maled
EUPATH_0010583,MAL-ED 0-60m Cohort,gates_maled
EUPATH_0010584,MAL-ED 0-60m Cohort,gates_maled
EUPATH_0010585,MAL-ED 0-60m Cohort,gates_maled
EUPATH_0010586,MAL-ED 0-60m Cohort,gates_maled
EUPATH_0010587,MAL-ED 0-60m Cohort,gates_maled
EUPATH_0010588,MAL-ED 0-60m Cohort,gates_maled
EUPATH_0010589,MAL-ED 0-60m Cohort,gates_maled
EUPATH_0010590,MAL-ED 0-60m Cohort,gates_maled
EUPATH_0010591,MAL-ED 0-60m Cohort,gates_maled
EUPATH_0010592,MAL-ED 0-60m Cohort,gates_maled
EUPATH_0010593,MAL-ED 0-60m Cohort,gates_maled
EUPATH_0010595,GEMS1 Case Control,gates_gems
EUPATH_0010595,GEMS1A Case Control,gates_gems1a
EUPATH_0010596,MAL-ED 0-60m Cohort,gates_maled
EUPATH_0010597,MAL-ED 0-60m Cohort,gates_maled
EUPATH_0010598,MAL-ED 0-60m Cohort,gates_maled
EUPATH_0010599,MAL-ED 0-60m Cohort,gates_maled
EUPATH_0010600,MAL-ED 0-60m Cohort,gates_maled
EUPATH_0010601,MAL-ED 0-60m Cohort,gates_maled
EUPATH_0010602,MAL-ED 0-60m Cohort,gates_maled
EUPATH_0010603,GEMS1 Case Control,gates_gems
EUPATH_0010603,GEMS1A Case Control,gates_gems1a
EUPATH_0010603,MAL-ED 0-60m Cohort,gates_maled
EUPATH_0010604,MAL-ED 0-60m Cohort,gates_maled
EUPATH_0010605,MAL-ED 0-60m Cohort,gates_maled
EUPATH_0010606,MAL-ED 0-60m Cohort,gates_maled
EUPATH_0010607,MAL-ED 0-60m Cohort,gates_maled
EUPATH_0010607,SCORE Burundi,gates_score_burundi
EUPATH_0010607,SCORE Rwanda,gates_score_rwanda
EUPATH_0010607,SCORE Seasonal,gates_score_seasonal
EUPATH_0010607,SCORE Sm Cohort,gates_score_sm_cohort
EUPATH_0010607,SCORE S. mansoni Cluster Randomized Trial,gates_score_sm_crt
EUPATH_0010608,MAL-ED 0-60m Cohort,gates_maled
EUPATH_0010609,MAL-ED 0-60m Cohort,gates_maled
EUPATH_0010610,MAL-ED 0-60m Cohort,gates_maled
EUPATH_0010611,MAL-ED 0-60m Cohort,gates_maled
EUPATH_0010612,MAL-ED 0-60m Cohort,gates_maled
EUPATH_0010613,MAL-ED 0-60m Cohort,gates_maled
EUPATH_0010614,MAL-ED 0-60m Cohort,gates_maled
EUPATH_0010615,MAL-ED 0-60m Cohort,gates_maled
EUPATH_0010615,PROVIDE Randomized Controlled Trial,gates_provide
EUPATH_0010615,SCORE Burundi,gates_score_burundi
EUPATH_0010615,SCORE Rwanda,gates_score_rwanda
EUPATH_0010615,SCORE Seasonal,gates_score_seasonal
EUPATH_0010615,SCORE Sm Cohort,gates_score_sm_cohort
EUPATH_0010615,SCORE S. mansoni Cluster Randomized Trial,gates_score_sm_crt
EUPATH_0010616,MAL-ED 0-60m Cohort,gates_maled
EUPATH_0010617,MAL-ED 0-60m Cohort,gates_maled
EUPATH_0010618,MAL-ED 0-60m Cohort,gates_maled
EUPATH_0010619,GEMS1 Case Control,gates_gems
EUPATH_0010619,GEMS1A Case Control,gates_gems1a
EUPATH_0010619,MAL-ED 0-60m Cohort,gates_maled
EUPATH_0010620,MAL-ED 0-60m Cohort,gates_maled
EUPATH_0010621,MAL-ED 0-60m Cohort,gates_maled
EUPATH_0010622,MAL-ED 0-60m Cohort,gates_maled
EUPATH_0010623,MAL-ED 0-60m Cohort,gates_maled
EUPATH_0010624,MAL-ED 0-60m Cohort,gates_maled
EUPATH_0010625,MAL-ED 0-60m Cohort,gates_maled
EUPATH_0010626,MAL-ED 0-60m Cohort,gates_maled
EUPATH_0010627,MAL-ED 0-60m Cohort,gates_maled
EUPATH_0010628,MAL-ED 0-60m Cohort,gates_maled
EUPATH_0010629,MAL-ED 0-60m Cohort,gates_maled
EUPATH_0010630,GEMS1A Case Control,gates_gems1a
EUPATH_0010630,MAL-ED 0-60m Cohort,gates_maled
EUPATH_0010631,MAL-ED 0-60m Cohort,gates_maled
EUPATH_0010632,MAL-ED 0-60m Cohort,gates_maled
EUPATH_0010633,MAL-ED 0-60m Cohort,gates_maled
EUPATH_0010634,MAL-ED 0-60m Cohort,gates_maled
EUPATH_0010636,MAL-ED 0-60m Cohort,gates_maled
EUPATH_0010637,MAL-ED 0-60m Cohort,gates_maled
EUPATH_0010638,MAL-ED 0-60m Cohort,gates_maled
EUPATH_0010640,MAL-ED 0-60m Cohort,gates_maled
EUPATH_0010641,MAL-ED 0-60m Cohort,gates_maled
EUPATH_0010642,MAL-ED 0-60m Cohort,gates_maled
EUPATH_0010643,MAL-ED 0-60m Cohort,gates_maled
EUPATH_0010644,MAL-ED 0-60m Cohort,gates_maled
EUPATH_0010645,MAL-ED 0-60m Cohort,gates_maled
EUPATH_0010646,MAL-ED 0-60m Cohort,gates_maled
EUPATH_0010648,MAL-ED 0-60m Cohort,gates_maled
EUPATH_0010649,MAL-ED 0-60m Cohort,gates_maled
EUPATH_0010650,MAL-ED 0-60m Cohort,gates_maled
EUPATH_0010651,MAL-ED 0-60m Cohort,gates_maled
EUPATH_0010652,MAL-ED 0-60m Cohort,gates_maled
EUPATH_0010653,MAL-ED 0-60m Cohort,gates_maled
EUPATH_0010654,MAL-ED 0-60m Cohort,gates_maled
EUPATH_0010655,GEMS1 Case Control,gates_gems
EUPATH_0010655,GEMS1A Case Control,gates_gems1a
EUPATH_0010655,MAL-ED 0-60m Cohort,gates_maled
EUPATH_0010656,MAL-ED 0-60m Cohort,gates_maled
EUPATH_0010657,MAL-ED 0-60m Cohort,gates_maled
EUPATH_0010658,MAL-ED 0-60m Cohort,gates_maled
EUPATH_0010659,GEMS1 Case Control,gates_gems
EUPATH_0010659,GEMS1A Case Control,gates_gems1a
EUPATH_0010659,MAL-ED 0-60m Cohort,gates_maled
EUPATH_0010660,MAL-ED 0-60m Cohort,gates_maled
EUPATH_0010661,MAL-ED 0-60m Cohort,gates_maled
EUPATH_0010662,MAL-ED 0-60m Cohort,gates_maled
EUPATH_0010663,GEMS1 Case Control,gates_gems
EUPATH_0010663,GEMS1A Case Control,gates_gems1a
EUPATH_0010663,MAL-ED 0-60m Cohort,gates_maled
EUPATH_0010664,MAL-ED 0-60m Cohort,gates_maled
EUPATH_0010665,MAL-ED 0-60m Cohort,gates_maled
EUPATH_0010666,MAL-ED 0-60m Cohort,gates_maled
EUPATH_0010667,GEMS1 Case Control,gates_gems
EUPATH_0010667,GEMS1A Case Control,gates_gems1a
EUPATH_0010668,MAL-ED 0-60m Cohort,gates_maled
EUPATH_0010669,MAL-ED 0-60m Cohort,gates_maled
EUPATH_0010670,MAL-ED 0-60m Cohort,gates_maled
EUPATH_0010671,GEMS1 Case Control,gates_gems
EUPATH_0010671,GEMS1A Case Control,gates_gems1a
EUPATH_0010671,MAL-ED 0-60m Cohort,gates_maled
EUPATH_0010672,MAL-ED 0-60m Cohort,gates_maled
EUPATH_0010673,MAL-ED 0-60m Cohort,gates_maled
EUPATH_0010674,MAL-ED 0-60m Cohort,gates_maled
EUPATH_0010679,GEMS1 Case Control,gates_gems
EUPATH_0010679,GEMS1A Case Control,gates_gems1a
EUPATH_0010679,MAL-ED 0-60m Cohort,gates_maled
EUPATH_0010680,MAL-ED 0-60m Cohort,gates_maled
EUPATH_0010681,MAL-ED 0-60m Cohort,gates_maled
EUPATH_0010682,MAL-ED 0-60m Cohort,gates_maled
EUPATH_0010683,GEMS1 Case Control,gates_gems
EUPATH_0010683,GEMS1A Case Control,gates_gems1a
EUPATH_0010683,MAL-ED 0-60m Cohort,gates_maled
EUPATH_0010684,MAL-ED 0-60m Cohort,gates_maled
EUPATH_0010685,MAL-ED 0-60m Cohort,gates_maled
EUPATH_0010686,MAL-ED 0-60m Cohort,gates_maled
EUPATH_0010687,GEMS1 Case Control,gates_gems
EUPATH_0010687,GEMS1A Case Control,gates_gems1a
EUPATH_0010687,MAL-ED 0-60m Cohort,gates_maled
EUPATH_0010688,MAL-ED 0-60m Cohort,gates_maled
EUPATH_0010689,MAL-ED 0-60m Cohort,gates_maled
EUPATH_0010690,MAL-ED 0-60m Cohort,gates_maled
EUPATH_0010691,GEMS1 Case Control,gates_gems
EUPATH_0010691,GEMS1A Case Control,gates_gems1a
EUPATH_0010691,MAL-ED 0-60m Cohort,gates_maled
EUPATH_0010692,MAL-ED 0-60m Cohort,gates_maled
EUPATH_0010693,MAL-ED 0-60m Cohort,gates_maled
EUPATH_0010694,MAL-ED 0-60m Cohort,gates_maled
EUPATH_0010695,GEMS1 Case Control,gates_gems
EUPATH_0010695,GEMS1A Case Control,gates_gems1a
EUPATH_0010695,MAL-ED 0-60m Cohort,gates_maled
EUPATH_0010696,MAL-ED 0-60m Cohort,gates_maled
EUPATH_0010697,MAL-ED 0-60m Cohort,gates_maled
EUPATH_0010698,MAL-ED 0-60m Cohort,gates_maled
EUPATH_0010699,MAL-ED 0-60m Cohort,gates_maled
EUPATH_0010700,MAL-ED 0-60m Cohort,gates_maled
EUPATH_0010701,MAL-ED 0-60m Cohort,gates_maled
EUPATH_0010702,MAL-ED 0-60m Cohort,gates_maled
EUPATH_0010703,MAL-ED 0-60m Cohort,gates_maled
EUPATH_0010703,PROVIDE Randomized Controlled Trial,gates_provide
EUPATH_0010704,MAL-ED 0-60m Cohort,gates_maled
EUPATH_0010705,MAL-ED 0-60m Cohort,gates_maled
EUPATH_0010706,MAL-ED 0-60m Cohort,gates_maled
EUPATH_0010707,GEMS1 Case Control,gates_gems
EUPATH_0010707,GEMS1A Case Control,gates_gems1a
EUPATH_0010707,MAL-ED 0-60m Cohort,gates_maled
EUPATH_0010708,MAL-ED 0-60m Cohort,gates_maled
EUPATH_0010709,MAL-ED 0-60m Cohort,gates_maled
EUPATH_0010710,MAL-ED 0-60m Cohort,gates_maled
EUPATH_0010711,GEMS1 Case Control,gates_gems
EUPATH_0010711,GEMS1A Case Control,gates_gems1a
EUPATH_0010712,MAL-ED 0-60m Cohort,gates_maled
EUPATH_0010713,MAL-ED 0-60m Cohort,gates_maled
EUPATH_0010714,MAL-ED 0-60m Cohort,gates_maled
EUPATH_0010715,MAL-ED 0-60m Cohort,gates_maled
EUPATH_0010716,MAL-ED 0-60m Cohort,gates_maled
EUPATH_0010717,MAL-ED 0-60m Cohort,gates_maled
EUPATH_0010718,MAL-ED 0-60m Cohort,gates_maled
EUPATH_0010719,MAL-ED 0-60m Cohort,gates_maled
EUPATH_0010720,MAL-ED 0-60m Cohort,gates_maled
EUPATH_0010721,MAL-ED 0-60m Cohort,gates_maled
EUPATH_0010723,MAL-ED 0-60m Cohort,gates_maled
EUPATH_0010724,MAL-ED 0-60m Cohort,gates_maled
EUPATH_0010725,MAL-ED 0-60m Cohort,gates_maled
EUPATH_0010726,MAL-ED 0-60m Cohort,gates_maled
EUPATH_0010727,MAL-ED 0-60m Cohort,gates_maled
EUPATH_0010728,MAL-ED 0-60m Cohort,gates_maled
EUPATH_0010729,MAL-ED 0-60m Cohort,gates_maled
EUPATH_0010730,MAL-ED 0-60m Cohort,gates_maled
EUPATH_0010730,PROVIDE Randomized Controlled Trial,gates_provide
EUPATH_0010731,MAL-ED 0-60m Cohort,gates_maled
EUPATH_0010732,MAL-ED 0-60m Cohort,gates_maled
EUPATH_0010733,MAL-ED 0-60m Cohort,gates_maled
EUPATH_0010734,MAL-ED 0-60m Cohort,gates_maled
EUPATH_0010734,PROVIDE Randomized Controlled Trial,gates_provide
EUPATH_0010734,SCORE Burundi,gates_score_burundi
EUPATH_0010734,SCORE Rwanda,gates_score_rwanda
EUPATH_0010734,SCORE Seasonal,gates_score_seasonal
EUPATH_0010734,SCORE Sm Cohort,gates_score_sm_cohort
EUPATH_0010734,SCORE S. mansoni Cluster Randomized Trial,gates_score_sm_crt
EUPATH_0010735,MAL-ED 0-60m Cohort,gates_maled
EUPATH_0010736,MAL-ED 0-60m Cohort,gates_maled
EUPATH_0010737,MAL-ED 0-60m Cohort,gates_maled
EUPATH_0010738,MAL-ED 0-60m Cohort,gates_maled
EUPATH_0010738,PROVIDE Randomized Controlled Trial,gates_provide
EUPATH_0010739,MAL-ED 0-60m Cohort,gates_maled
EUPATH_0010740,MAL-ED 0-60m Cohort,gates_maled
EUPATH_0010741,MAL-ED 0-60m Cohort,gates_maled
EUPATH_0010743,MAL-ED 0-60m Cohort,gates_maled
EUPATH_0010744,MAL-ED 0-60m Cohort,gates_maled
EUPATH_0010745,MAL-ED 0-60m Cohort,gates_maled
EUPATH_0010746,GEMS1 Case Control,gates_gems
EUPATH_0010746,GEMS1A Case Control,gates_gems1a
EUPATH_0010746,MAL-ED 0-60m Cohort,gates_maled
EUPATH_0010747,MAL-ED 0-60m Cohort,gates_maled
EUPATH_0010748,MAL-ED 0-60m Cohort,gates_maled
EUPATH_0010749,MAL-ED 0-60m Cohort,gates_maled
EUPATH_0010751,MAL-ED 0-60m Cohort,gates_maled
EUPATH_0010752,MAL-ED 0-60m Cohort,gates_maled
EUPATH_0010753,MAL-ED 0-60m Cohort,gates_maled
EUPATH_0010754,MAL-ED 0-60m Cohort,gates_maled
EUPATH_0010755,MAL-ED 0-60m Cohort,gates_maled
EUPATH_0010756,MAL-ED 0-60m Cohort,gates_maled
EUPATH_0010757,MAL-ED 0-60m Cohort,gates_maled
EUPATH_0010760,MAL-ED 0-60m Cohort,gates_maled
EUPATH_0010761,MAL-ED 0-60m Cohort,gates_maled
EUPATH_0010763,MAL-ED 0-60m Cohort,gates_maled
EUPATH_0010764,MAL-ED 0-60m Cohort,gates_maled
EUPATH_0010765,MAL-ED 0-60m Cohort,gates_maled
EUPATH_0010767,GEMS1 Case Control,gates_gems
EUPATH_0010767,GEMS1A Case Control,gates_gems1a
EUPATH_0010768,MAL-ED 0-60m Cohort,gates_maled
EUPATH_0010769,MAL-ED 0-60m Cohort,gates_maled
EUPATH_0010770,MAL-ED 0-60m Cohort,gates_maled
EUPATH_0010771,GEMS1 Case Control,gates_gems
EUPATH_0010771,GEMS1A Case Control,gates_gems1a
EUPATH_0010772,MAL-ED 0-60m Cohort,gates_maled
EUPATH_0010773,MAL-ED 0-60m Cohort,gates_maled
EUPATH_0010774,MAL-ED 0-60m Cohort,gates_maled
EUPATH_0010775,GEMS1 Case Control,gates_gems
EUPATH_0010775,GEMS1A Case Control,gates_gems1a
EUPATH_0010776,MAL-ED 0-60m Cohort,gates_maled
EUPATH_0010777,MAL-ED 0-60m Cohort,gates_maled
EUPATH_0010778,MAL-ED 0-60m Cohort,gates_maled
EUPATH_0010779,MAL-ED 0-60m Cohort,gates_maled
EUPATH_0010780,MAL-ED 0-60m Cohort,gates_maled
EUPATH_0010781,PROVIDE Randomized Controlled Trial,gates_provide
EUPATH_0010782,MAL-ED 0-60m Cohort,gates_maled
EUPATH_0010783,MAL-ED 0-60m Cohort,gates_maled
EUPATH_0010784,MAL-ED 0-60m Cohort,gates_maled
EUPATH_0010785,MAL-ED 0-60m Cohort,gates_maled
EUPATH_0010786,MAL-ED 0-60m Cohort,gates_maled
EUPATH_0010788,MAL-ED 0-60m Cohort,gates_maled
EUPATH_0010789,MAL-ED 0-60m Cohort,gates_maled
EUPATH_0010790,MAL-ED 0-60m Cohort,gates_maled
EUPATH_0010791,MAL-ED 0-60m Cohort,gates_maled
EUPATH_0010792,MAL-ED 0-60m Cohort,gates_maled
EUPATH_0010793,GEMS1 Case Control,gates_gems
EUPATH_0010793,GEMS1A Case Control,gates_gems1a
EUPATH_0010793,PROVIDE Randomized Controlled Trial,gates_provide
EUPATH_0010794,MAL-ED 0-60m Cohort,gates_maled
EUPATH_0010795,MAL-ED 0-60m Cohort,gates_maled
EUPATH_0010796,MAL-ED 0-60m Cohort,gates_maled
EUPATH_0010797,MAL-ED 0-60m Cohort,gates_maled
EUPATH_0010798,MAL-ED 0-60m Cohort,gates_maled
EUPATH_0010799,MAL-ED 0-60m Cohort,gates_maled
EUPATH_0010800,MAL-ED 0-60m Cohort,gates_maled
EUPATH_0010801,MAL-ED 0-60m Cohort,gates_maled
EUPATH_0010802,MAL-ED 0-60m Cohort,gates_maled
EUPATH_0010803,MAL-ED 0-60m Cohort,gates_maled
EUPATH_0010804,MAL-ED 0-60m Cohort,gates_maled
EUPATH_0010805,GEMS1 Case Control,gates_gems
EUPATH_0010805,GEMS1A Case Control,gates_gems1a
EUPATH_0010805,MAL-ED 0-60m Cohort,gates_maled
EUPATH_0010806,MAL-ED 0-60m Cohort,gates_maled
EUPATH_0010807,MAL-ED 0-60m Cohort,gates_maled
EUPATH_0010808,MAL-ED 0-60m Cohort,gates_maled
EUPATH_0010809,MAL-ED 0-60m Cohort,gates_maled
EUPATH_0010809,PROVIDE Randomized Controlled Trial,gates_provide
EUPATH_0010810,MAL-ED 0-60m Cohort,gates_maled
EUPATH_0010811,MAL-ED 0-60m Cohort,gates_maled
EUPATH_0010812,MAL-ED 0-60m Cohort,gates_maled
EUPATH_0010813,GEMS1 Case Control,gates_gems
EUPATH_0010813,GEMS1A Case Control,gates_gems1a
EUPATH_0010817,GEMS1 Case Control,gates_gems
EUPATH_0010817,GEMS1A Case Control,gates_gems1a
EUPATH_0010817,MAL-ED 0-60m Cohort,gates_maled
EUPATH_0010818,MAL-ED 0-60m Cohort,gates_maled
EUPATH_0010819,MAL-ED 0-60m Cohort,gates_maled
EUPATH_0010820,MAL-ED 0-60m Cohort,gates_maled
EUPATH_0010821,MAL-ED 0-60m Cohort,gates_maled
EUPATH_0010822,MAL-ED 0-60m Cohort,gates_maled
EUPATH_0010823,MAL-ED 0-60m Cohort,gates_maled
EUPATH_0010824,MAL-ED 0-60m Cohort,gates_maled
EUPATH_0010825,MAL-ED 0-60m Cohort,gates_maled
EUPATH_0010826,MAL-ED 0-60m Cohort,gates_maled
EUPATH_0010827,MAL-ED 0-60m Cohort,gates_maled
EUPATH_0010828,MAL-ED 0-60m Cohort,gates_maled
EUPATH_0010829,MAL-ED 0-60m Cohort,gates_maled
EUPATH_0010830,MAL-ED 0-60m Cohort,gates_maled
EUPATH_0010831,MAL-ED 0-60m Cohort,gates_maled
EUPATH_0010832,MAL-ED 0-60m Cohort,gates_maled
EUPATH_0010834,MAL-ED 0-60m Cohort,gates_maled
EUPATH_0010835,MAL-ED 0-60m Cohort,gates_maled
EUPATH_0010836,MAL-ED 0-60m Cohort,gates_maled
EUPATH_0010837,MAL-ED 0-60m Cohort,gates_maled
EUPATH_0010838,MAL-ED 0-60m Cohort,gates_maled
EUPATH_0010839,MAL-ED 0-60m Cohort,gates_maled
EUPATH_0010840,MAL-ED 0-60m Cohort,gates_maled
EUPATH_0010841,MAL-ED 0-60m Cohort,gates_maled
EUPATH_0010843,MAL-ED 0-60m Cohort,gates_maled
EUPATH_0010844,MAL-ED 0-60m Cohort,gates_maled
EUPATH_0010845,MAL-ED 0-60m Cohort,gates_maled
EUPATH_0010846,MAL-ED 0-60m Cohort,gates_maled
EUPATH_0010847,MAL-ED 0-60m Cohort,gates_maled
EUPATH_0010848,MAL-ED 0-60m Cohort,gates_maled
EUPATH_0010849,MAL-ED 0-60m Cohort,gates_maled
EUPATH_0010850,MAL-ED 0-60m Cohort,gates_maled
EUPATH_0010851,MAL-ED 0-60m Cohort,gates_maled
EUPATH_0010852,MAL-ED 0-60m Cohort,gates_maled
EUPATH_0010853,MAL-ED 0-60m Cohort,gates_maled
EUPATH_0010857,MAL-ED 0-60m Cohort,gates_maled
EUPATH_0010859,MAL-ED 0-60m Cohort,gates_maled
EUPATH_0010860,MAL-ED 0-60m Cohort,gates_maled
EUPATH_0010861,MAL-ED 0-60m Cohort,gates_maled
EUPATH_0010864,MAL-ED 0-60m Cohort,gates_maled
EUPATH_0010865,MAL-ED 0-60m Cohort,gates_maled
EUPATH_0010866,MAL-ED 0-60m Cohort,gates_maled
EUPATH_0010867,MAL-ED 0-60m Cohort,gates_maled
EUPATH_0010868,MAL-ED 0-60m Cohort,gates_maled
EUPATH_0010869,MAL-ED 0-60m Cohort,gates_maled
EUPATH_0010869,PROVIDE Randomized Controlled Trial,gates_provide
EUPATH_0010870,MAL-ED 0-60m Cohort,gates_maled
EUPATH_0010871,MAL-ED 0-60m Cohort,gates_maled
EUPATH_0010872,MAL-ED 0-60m Cohort,gates_maled
EUPATH_0010873,MAL-ED 0-60m Cohort,gates_maled
EUPATH_0010875,MAL-ED 0-60m Cohort,gates_maled
EUPATH_0010876,MAL-ED 0-60m Cohort,gates_maled
EUPATH_0010877,MAL-ED 0-60m Cohort,gates_maled
EUPATH_0010878,MAL-ED 0-60m Cohort,gates_maled
EUPATH_0010879,MAL-ED 0-60m Cohort,gates_maled
EUPATH_0010880,MAL-ED 0-60m Cohort,gates_maled
EUPATH_0010881,MAL-ED 0-60m Cohort,gates_maled
EUPATH_0010882,MAL-ED 0-60m Cohort,gates_maled
EUPATH_0010883,MAL-ED 0-60m Cohort,gates_maled
EUPATH_0010884,MAL-ED 0-60m Cohort,gates_maled
EUPATH_0010885,MAL-ED 0-60m Cohort,gates_maled
EUPATH_0010886,MAL-ED 0-60m Cohort,gates_maled
EUPATH_0010887,MAL-ED 0-60m Cohort,gates_maled
EUPATH_0010888,MAL-ED 0-60m Cohort,gates_maled
EUPATH_0010889,MAL-ED 0-60m Cohort,gates_maled
EUPATH_0010890,MAL-ED 0-60m Cohort,gates_maled
EUPATH_0010891,MAL-ED 0-60m Cohort,gates_maled
EUPATH_0010892,MAL-ED 0-60m Cohort,gates_maled
EUPATH_0010893,MAL-ED 0-60m Cohort,gates_maled
EUPATH_0010894,MAL-ED 0-60m Cohort,gates_maled
EUPATH_0010895,MAL-ED 0-60m Cohort,gates_maled
EUPATH_0010896,MAL-ED 0-60m Cohort,gates_maled
EUPATH_0010897,MAL-ED 0-60m Cohort,gates_maled
EUPATH_0010898,MAL-ED 0-60m Cohort,gates_maled
EUPATH_0010899,MAL-ED 0-60m Cohort,gates_maled
EUPATH_0010900,MAL-ED 0-60m Cohort,gates_maled
EUPATH_0010901,MAL-ED 0-60m Cohort,gates_maled
EUPATH_0010902,MAL-ED 0-60m Cohort,gates_maled
EUPATH_0010903,MAL-ED 0-60m Cohort,gates_maled
EUPATH_0010904,MAL-ED 0-60m Cohort,gates_maled
EUPATH_0010905,MAL-ED 0-60m Cohort,gates_maled
EUPATH_0010906,MAL-ED 0-60m Cohort,gates_maled
EUPATH_0010907,MAL-ED 0-60m Cohort,gates_maled
EUPATH_0010908,MAL-ED 0-60m Cohort,gates_maled
EUPATH_0010909,MAL-ED 0-60m Cohort,gates_maled
EUPATH_0010910,MAL-ED 0-60m Cohort,gates_maled
EUPATH_0010911,MAL-ED 0-60m Cohort,gates_maled
EUPATH_0010912,MAL-ED 0-60m Cohort,gates_maled
EUPATH_0010916,MAL-ED 0-60m Cohort,gates_maled
EUPATH_0010917,MAL-ED 0-60m Cohort,gates_maled
EUPATH_0010918,MAL-ED 0-60m Cohort,gates_maled
EUPATH_0010919,MAL-ED 0-60m Cohort,gates_maled
EUPATH_0010920,MAL-ED 0-60m Cohort,gates_maled
EUPATH_0010921,MAL-ED 0-60m Cohort,gates_maled
EUPATH_0010922,MAL-ED 0-60m Cohort,gates_maled
EUPATH_0010923,MAL-ED 0-60m Cohort,gates_maled
EUPATH_0010924,MAL-ED 0-60m Cohort,gates_maled
EUPATH_0010925,MAL-ED 0-60m Cohort,gates_maled
EUPATH_0010926,MAL-ED 0-60m Cohort,gates_maled
EUPATH_0010927,MAL-ED 0-60m Cohort,gates_maled
EUPATH_0010928,MAL-ED 0-60m Cohort,gates_maled
EUPATH_0010929,MAL-ED 0-60m Cohort,gates_maled
EUPATH_0010930,MAL-ED 0-60m Cohort,gates_maled
EUPATH_0010931,MAL-ED 0-60m Cohort,gates_maled
EUPATH_0010932,MAL-ED 0-60m Cohort,gates_maled
EUPATH_0010933,MAL-ED 0-60m Cohort,gates_maled
EUPATH_0010934,MAL-ED 0-60m Cohort,gates_maled
EUPATH_0010935,MAL-ED 0-60m Cohort,gates_maled
EUPATH_0010936,MAL-ED 0-60m Cohort,gates_maled
EUPATH_0010937,MAL-ED 0-60m Cohort,gates_maled
EUPATH_0010938,MAL-ED 0-60m Cohort,gates_maled
EUPATH_0010939,MAL-ED 0-60m Cohort,gates_maled
EUPATH_0010940,MAL-ED 0-60m Cohort,gates_maled
EUPATH_0010941,MAL-ED 0-60m Cohort,gates_maled
EUPATH_0010942,MAL-ED 0-60m Cohort,gates_maled
EUPATH_0010943,MAL-ED 0-60m Cohort,gates_maled
EUPATH_0010944,MAL-ED 0-60m Cohort,gates_maled
EUPATH_0010946,MAL-ED 0-60m Cohort,gates_maled
EUPATH_0010947,"avenir,baseline",gates_avenir
EUPATH_0010947,GANC,gates_ganc
EUPATH_0010947,MAL-ED 0-60m Cohort,gates_maled
EUPATH_0010947,PERCH Case Control,gates_perch
EUPATH_0010947,PROVIDE Randomized Controlled Trial,gates_provide
EUPATH_0010947,VIDA Case Control,gates_vida
EUPATH_0010947,VIDA HUCS Gambia Mali,gates_vida_hucs_gambia_mali
EUPATH_0010947,VIDA HUCS Kenya,gates_vida_hucs_kenya
EUPATH_0010971,MAL-ED 0-60m Cohort,gates_maled
EUPATH_0010971,VIDA Case Control,gates_vida
EUPATH_0010973,MAL-ED 0-60m Cohort,gates_maled
EUPATH_0010981,"avenir,baseline",gates_avenir
EUPATH_0010981,ELICIT,gates_elicit
EUPATH_0010981,GAMIN RCT,gates_gamin
EUPATH_0010981,GANC,gates_ganc
EUPATH_0010981,GEMS1 Case Control,gates_gems
EUPATH_0010981,GEMS1A Case Control,gates_gems1a
EUPATH_0010981,GEMS1A HUAS Lite Survey,gates_gems1a_huas
EUPATH_0010981,GEMS1 HUAS/HUAS Lite Survey,gates_gems_huas
EUPATH_0010981,LLINE UP Cluster Randomized Trial,gates_llineup
EUPATH_0010981,MAL-ED 0-60m Cohort,gates_maled
EUPATH_0010981,mordor,gates_mordor
EUPATH_0010981,Preventing Congenital Syphilis,gates_pcs
EUPATH_0010981,PERCH Case Control,gates_perch
EUPATH_0010981,PROVIDE Randomized Controlled Trial,gates_provide
EUPATH_0010981,SCORE Burundi,gates_score_burundi
EUPATH_0010981,SCORE Five Country,gates_score_five_country
EUPATH_0010981,SCORE Mozambique Cluster Randomized Trial,gates_score_moz
EUPATH_0010981,SCORE Niger Cluster Randomized Trial,gates_score_nig
EUPATH_0010981,SCORE Rwanda,gates_score_rwanda
EUPATH_0010981,SCORE Seasonal,gates_score_seasonal
EUPATH_0010981,SCORE Sm Cohort,gates_score_sm_cohort
EUPATH_0010981,SCORE S. mansoni Cluster Randomized Trial,gates_score_sm_crt
EUPATH_0010981,SCORE Zanzibar,gates_score_zanzibar
EUPATH_0010981,SHINE,gates_shine
EUPATH_0010981,SIP,gates_sip
EUPATH_0010981,VIDA Case Control,gates_vida
EUPATH_0010981,VIDA HUCS Gambia Mali,gates_vida_hucs_gambia_mali
EUPATH_0010981,VIDA HUCS Kenya,gates_vida_hucs_kenya
EUPATH_0010981,WASHb BNG Cluster Randomized Trial,gates_washb_bangladesh
EUPATH_0010981,WASH Benefits Kenya Cluster Randomized Trial,gates_washb_kenya
EUPATH_0010981,Kalifabougou,general_kalifabougou
EUPATH_0010981,PROMOTE BC3 Cohort,general_promote
EUPATH_0010981,UMSP Surveillance,general_umsp
EUPATH_0010981,Amazonia ICEMR Brazil Cohort,icemr_amazonia_brazil
EUPATH_0010981,Amazonia ICEMR Peru Cohort,icemr_amazonia_peru
EUPATH_0010981,India ICEMR Behavior Cross-sectional,icemr_india_behavior
EUPATH_0010981,India ICEMR Cohort,icemr_india_cohort
EUPATH_0010981,India ICEMR Cross-Sectional,icemr_india_cx
EUPATH_0010981,India ICEMR DAMaN,icemr_india_daman
EUPATH_0010981,India ICEMR Fever Surveillance,icemr_india_fever_surv
EUPATH_0010981,India ICEMR Meghalaya Cohort,icemr_india_meghalaya
EUPATH_0010981,India ICEMR Severe P.vivax and falciparum Cohort,icemr_india_severe_malaria
EUPATH_0010981,Malawi ICEMR Case-Control,icemr_malawi
EUPATH_0010981,Myanmar ICEMR,icemr_myanmar
EUPATH_0010981,PRISM ICEMR Cohort,icemr_prism
EUPATH_0010981,PRISM2 ICEMR Cohort,icemr_prism2
EUPATH_0010981,PRISM2 ICEMR Border Cohort,icemr_prism2_border_cohort
EUPATH_0010981,South Asia ICEMR Surveillance,icemr_south_asia
EUPATH_0010981,Southeast Asia ICEMR Surveillance,icemr_southeast_asia
EUPATH_0010981,Southern Africa ICEMR Cross-sectional,icemr_southern_africa
EUPATH_0010981,West Africa ICEMR,icemr_west_africa
EUPATH_0010983,MAL-ED 0-60m Cohort,gates_maled
EUPATH_0010983,PROVIDE Randomized Controlled Trial,gates_provide
EUPATH_0010985,GEMS1 Case Control,gates_gems
EUPATH_0010985,GEMS1A Case Control,gates_gems1a
EUPATH_0010985,MAL-ED 0-60m Cohort,gates_maled
EUPATH_0010985,PROVIDE Randomized Controlled Trial,gates_provide
EUPATH_0010995,GAMIN RCT,gates_gamin
EUPATH_0010995,GEMS1A Case Control,gates_gems1a
EUPATH_0010995,MAL-ED 0-60m Cohort,gates_maled
EUPATH_0010995,VIDA Case Control,gates_vida
EUPATH_0010995,PROMOTE BC3 Cohort,general_promote
EUPATH_0010995,PRISM2 ICEMR Cohort,icemr_prism2
EUPATH_0010995,PRISM2 ICEMR Border Cohort,icemr_prism2_border_cohort
EUPATH_0010997,MAL-ED 0-60m Cohort,gates_maled
EUPATH_0010998,GEMS1 Case Control,gates_gems
EUPATH_0010998,GEMS1A Case Control,gates_gems1a
EUPATH_0010999,MAL-ED 0-60m Cohort,gates_maled
EUPATH_0011000,GEMS1 Case Control,gates_gems
EUPATH_0011000,GEMS1A Case Control,gates_gems1a
EUPATH_0011000,MAL-ED 0-60m Cohort,gates_maled
EUPATH_0011001,MAL-ED 0-60m Cohort,gates_maled
EUPATH_0011002,MAL-ED 0-60m Cohort,gates_maled
EUPATH_0011003,GEMS1 Case Control,gates_gems
EUPATH_0011003,GEMS1A Case Control,gates_gems1a
EUPATH_0011003,MAL-ED 0-60m Cohort,gates_maled
EUPATH_0011004,MAL-ED 0-60m Cohort,gates_maled
EUPATH_0011005,MAL-ED 0-60m Cohort,gates_maled
EUPATH_0011006,MAL-ED 0-60m Cohort,gates_maled
EUPATH_0011008,MAL-ED 0-60m Cohort,gates_maled
EUPATH_0011009,MAL-ED 0-60m Cohort,gates_maled
EUPATH_0011010,GANC,gates_ganc
EUPATH_0011010,MAL-ED 0-60m Cohort,gates_maled
EUPATH_0011011,MAL-ED 0-60m Cohort,gates_maled
EUPATH_0011012,MAL-ED 0-60m Cohort,gates_maled
EUPATH_0011014,MAL-ED 0-60m Cohort,gates_maled
EUPATH_0011014,PROVIDE Randomized Controlled Trial,gates_provide
EUPATH_0011015,MAL-ED 0-60m Cohort,gates_maled
EUPATH_0011017,MAL-ED 0-60m Cohort,gates_maled
EUPATH_0011019,MAL-ED 0-60m Cohort,gates_maled
EUPATH_0011020,MAL-ED 0-60m Cohort,gates_maled
EUPATH_0011023,MAL-ED 0-60m Cohort,gates_maled
EUPATH_0011028,MAL-ED 0-60m Cohort,gates_maled
EUPATH_0011030,MAL-ED 0-60m Cohort,gates_maled
EUPATH_0011031,MAL-ED 0-60m Cohort,gates_maled
EUPATH_0011033,MAL-ED 0-60m Cohort,gates_maled
EUPATH_0011035,MAL-ED 0-60m Cohort,gates_maled
EUPATH_0011036,MAL-ED 0-60m Cohort,gates_maled
EUPATH_0011041,MAL-ED 0-60m Cohort,gates_maled
EUPATH_0011043,MAL-ED 0-60m Cohort,gates_maled
EUPATH_0011046,MAL-ED 0-60m Cohort,gates_maled
EUPATH_0011048,"avenir,baseline",gates_avenir
EUPATH_0011048,GAMIN RCT,gates_gamin
EUPATH_0011048,GEMS1 Case Control,gates_gems
EUPATH_0011048,GEMS1A Case Control,gates_gems1a
EUPATH_0011048,MAL-ED 0-60m Cohort,gates_maled
EUPATH_0011049,MAL-ED 0-60m Cohort,gates_maled
EUPATH_0011049,PROVIDE Randomized Controlled Trial,gates_provide
EUPATH_0011050,MAL-ED 0-60m Cohort,gates_maled
EUPATH_0011054,MAL-ED 0-60m Cohort,gates_maled
EUPATH_0011057,MAL-ED 0-60m Cohort,gates_maled
EUPATH_0011059,MAL-ED 0-60m Cohort,gates_maled
EUPATH_0011061,MAL-ED 0-60m Cohort,gates_maled
EUPATH_0011064,MAL-ED 0-60m Cohort,gates_maled
EUPATH_0011065,MAL-ED 0-60m Cohort,gates_maled
EUPATH_0011066,MAL-ED 0-60m Cohort,gates_maled
EUPATH_0011067,MAL-ED 0-60m Cohort,gates_maled
EUPATH_0011068,MAL-ED 0-60m Cohort,gates_maled
EUPATH_0011069,MAL-ED 0-60m Cohort,gates_maled
EUPATH_0011070,MAL-ED 0-60m Cohort,gates_maled
EUPATH_0011074,MAL-ED 0-60m Cohort,gates_maled
EUPATH_0011075,MAL-ED 0-60m Cohort,gates_maled
EUPATH_0011076,MAL-ED 0-60m Cohort,gates_maled
EUPATH_0011077,MAL-ED 0-60m Cohort,gates_maled
EUPATH_0011078,MAL-ED 0-60m Cohort,gates_maled
EUPATH_0011079,MAL-ED 0-60m Cohort,gates_maled
EUPATH_0011080,MAL-ED 0-60m Cohort,gates_maled
EUPATH_0011081,MAL-ED 0-60m Cohort,gates_maled
EUPATH_0011082,MAL-ED 0-60m Cohort,gates_maled
EUPATH_0011083,MAL-ED 0-60m Cohort,gates_maled
EUPATH_0011084,MAL-ED 0-60m Cohort,gates_maled
EUPATH_0011085,MAL-ED 0-60m Cohort,gates_maled
EUPATH_0011086,MAL-ED 0-60m Cohort,gates_maled
EUPATH_0011087,MAL-ED 0-60m Cohort,gates_maled
EUPATH_0011088,MAL-ED 0-60m Cohort,gates_maled
EUPATH_0011089,MAL-ED 0-60m Cohort,gates_maled
EUPATH_0011090,MAL-ED 0-60m Cohort,gates_maled
EUPATH_0011091,MAL-ED 0-60m Cohort,gates_maled
EUPATH_0011092,MAL-ED 0-60m Cohort,gates_maled
EUPATH_0011093,MAL-ED 0-60m Cohort,gates_maled
EUPATH_0011094,MAL-ED 0-60m Cohort,gates_maled
EUPATH_0011095,MAL-ED 0-60m Cohort,gates_maled
EUPATH_0011096,MAL-ED 0-60m Cohort,gates_maled
EUPATH_0011097,MAL-ED 0-60m Cohort,gates_maled
EUPATH_0011098,MAL-ED 0-60m Cohort,gates_maled
EUPATH_0011099,MAL-ED 0-60m Cohort,gates_maled
EUPATH_0011100,MAL-ED 0-60m Cohort,gates_maled
EUPATH_0011101,MAL-ED 0-60m Cohort,gates_maled
EUPATH_0011102,MAL-ED 0-60m Cohort,gates_maled
EUPATH_0011103,MAL-ED 0-60m Cohort,gates_maled
EUPATH_0011104,MAL-ED 0-60m Cohort,gates_maled
EUPATH_0011105,MAL-ED 0-60m Cohort,gates_maled
EUPATH_0011106,MAL-ED 0-60m Cohort,gates_maled
EUPATH_0011107,MAL-ED 0-60m Cohort,gates_maled
EUPATH_0011108,MAL-ED 0-60m Cohort,gates_maled
EUPATH_0011109,MAL-ED 0-60m Cohort,gates_maled
EUPATH_0011110,MAL-ED 0-60m Cohort,gates_maled
EUPATH_0011111,MAL-ED 0-60m Cohort,gates_maled
EUPATH_0011112,MAL-ED 0-60m Cohort,gates_maled
EUPATH_0011113,MAL-ED 0-60m Cohort,gates_maled
EUPATH_0011114,MAL-ED 0-60m Cohort,gates_maled
EUPATH_0011115,MAL-ED 0-60m Cohort,gates_maled
EUPATH_0011116,MAL-ED 0-60m Cohort,gates_maled
EUPATH_0011117,MAL-ED 0-60m Cohort,gates_maled
EUPATH_0011118,MAL-ED 0-60m Cohort,gates_maled
EUPATH_0011119,MAL-ED 0-60m Cohort,gates_maled
EUPATH_0011120,MAL-ED 0-60m Cohort,gates_maled
EUPATH_0011121,MAL-ED 0-60m Cohort,gates_maled
EUPATH_0011135,MAL-ED 0-60m Cohort,gates_maled
EUPATH_0011136,MAL-ED 0-60m Cohort,gates_maled
EUPATH_0011137,MAL-ED 0-60m Cohort,gates_maled
EUPATH_0011138,MAL-ED 0-60m Cohort,gates_maled
EUPATH_0011139,MAL-ED 0-60m Cohort,gates_maled
EUPATH_0011141,MAL-ED 0-60m Cohort,gates_maled
EUPATH_0011142,MAL-ED 0-60m Cohort,gates_maled
EUPATH_0011143,MAL-ED 0-60m Cohort,gates_maled
EUPATH_0011144,MAL-ED 0-60m Cohort,gates_maled
EUPATH_0011145,MAL-ED 0-60m Cohort,gates_maled
EUPATH_0011145,WASHb BNG Cluster Randomized Trial,gates_washb_bangladesh
EUPATH_0011146,MAL-ED 0-60m Cohort,gates_maled
EUPATH_0011147,MAL-ED 0-60m Cohort,gates_maled
EUPATH_0011147,PROVIDE Randomized Controlled Trial,gates_provide
EUPATH_0011151,MAL-ED 0-60m Cohort,gates_maled
EUPATH_0011151,WASHb BNG Cluster Randomized Trial,gates_washb_bangladesh
EUPATH_0011154,MAL-ED 0-60m Cohort,gates_maled
EUPATH_0011155,MAL-ED 0-60m Cohort,gates_maled
EUPATH_0011156,MAL-ED 0-60m Cohort,gates_maled
EUPATH_0011157,MAL-ED 0-60m Cohort,gates_maled
EUPATH_0011158,MAL-ED 0-60m Cohort,gates_maled
EUPATH_0011161,LLINE UP Cluster Randomized Trial,gates_llineup
EUPATH_0011161,MAL-ED 0-60m Cohort,gates_maled
EUPATH_0011161,PRISM2 ICEMR Cohort,icemr_prism2
EUPATH_0011161,PRISM2 ICEMR Border Cohort,icemr_prism2_border_cohort
EUPATH_0011166,MAL-ED 0-60m Cohort,gates_maled
EUPATH_0011166,PROVIDE Randomized Controlled Trial,gates_provide
EUPATH_0011172,MAL-ED 0-60m Cohort,gates_maled
EUPATH_0011173,MAL-ED 0-60m Cohort,gates_maled
EUPATH_0011174,MAL-ED 0-60m Cohort,gates_maled
EUPATH_0011175,MAL-ED 0-60m Cohort,gates_maled
EUPATH_0011178,MAL-ED 0-60m Cohort,gates_maled
EUPATH_0011179,MAL-ED 0-60m Cohort,gates_maled
EUPATH_0011180,MAL-ED 0-60m Cohort,gates_maled
EUPATH_0011190,MAL-ED 0-60m Cohort,gates_maled
EUPATH_0011191,GANC,gates_ganc
EUPATH_0011191,MAL-ED 0-60m Cohort,gates_maled
EUPATH_0011194,MAL-ED 0-60m Cohort,gates_maled
EUPATH_0011194,PROVIDE Randomized Controlled Trial,gates_provide
EUPATH_0011196,MAL-ED 0-60m Cohort,gates_maled
EUPATH_0011198,MAL-ED 0-60m Cohort,gates_maled
EUPATH_0011199,MAL-ED 0-60m Cohort,gates_maled
EUPATH_0011202,MAL-ED 0-60m Cohort,gates_maled
EUPATH_0011203,MAL-ED 0-60m Cohort,gates_maled
EUPATH_0011204,MAL-ED 0-60m Cohort,gates_maled
EUPATH_0011205,MAL-ED 0-60m Cohort,gates_maled
EUPATH_0011210,MAL-ED 0-60m Cohort,gates_maled
EUPATH_0011211,MAL-ED 0-60m Cohort,gates_maled
EUPATH_0011214,MAL-ED 0-60m Cohort,gates_maled
EUPATH_0011215,MAL-ED 0-60m Cohort,gates_maled
EUPATH_0011215,PROVIDE Randomized Controlled Trial,gates_provide
EUPATH_0011216,MAL-ED 0-60m Cohort,gates_maled
EUPATH_0011216,PROVIDE Randomized Controlled Trial,gates_provide
EUPATH_0011217,MAL-ED 0-60m Cohort,gates_maled
EUPATH_0011222,MAL-ED 0-60m Cohort,gates_maled
EUPATH_0011223,MAL-ED 0-60m Cohort,gates_maled
EUPATH_0011234,MAL-ED 0-60m Cohort,gates_maled
EUPATH_0011234,PERCH Case Control,gates_perch
EUPATH_0011235,MAL-ED 0-60m Cohort,gates_maled
EUPATH_0011246,MAL-ED 0-60m Cohort,gates_maled
EUPATH_0011257,MAL-ED 0-60m Cohort,gates_maled
EUPATH_0011267,MAL-ED 0-60m Cohort,gates_maled
EUPATH_0011267,PERCH Case Control,gates_perch
EUPATH_0011275,MAL-ED 0-60m Cohort,gates_maled
EUPATH_0011276,MAL-ED 0-60m Cohort,gates_maled
EUPATH_0011276,PROVIDE Randomized Controlled Trial,gates_provide
EUPATH_0011277,MAL-ED 0-60m Cohort,gates_maled
EUPATH_0011277,PROVIDE Randomized Controlled Trial,gates_provide
EUPATH_0011278,MAL-ED 0-60m Cohort,gates_maled
EUPATH_0011278,PROVIDE Randomized Controlled Trial,gates_provide
EUPATH_0011279,MAL-ED 0-60m Cohort,gates_maled
EUPATH_0011282,MAL-ED 0-60m Cohort,gates_maled
EUPATH_0011283,MAL-ED 0-60m Cohort,gates_maled
EUPATH_0011284,MAL-ED 0-60m Cohort,gates_maled
EUPATH_0011285,MAL-ED 0-60m Cohort,gates_maled
EUPATH_0011286,MAL-ED 0-60m Cohort,gates_maled
EUPATH_0011290,MAL-ED 0-60m Cohort,gates_maled
EUPATH_0011290,PROVIDE Randomized Controlled Trial,gates_provide
EUPATH_0011291,MAL-ED 0-60m Cohort,gates_maled
EUPATH_0011291,PROVIDE Randomized Controlled Trial,gates_provide
EUPATH_0011292,MAL-ED 0-60m Cohort,gates_maled
EUPATH_0011292,PROVIDE Randomized Controlled Trial,gates_provide
EUPATH_0011296,MAL-ED 0-60m Cohort,gates_maled
EUPATH_0011297,MAL-ED 0-60m Cohort,gates_maled
EUPATH_0011306,MAL-ED 0-60m Cohort,gates_maled
EUPATH_0011307,MAL-ED 0-60m Cohort,gates_maled
EUPATH_0011308,MAL-ED 0-60m Cohort,gates_maled
EUPATH_0011309,MAL-ED 0-60m Cohort,gates_maled
EUPATH_0011316,MAL-ED 0-60m Cohort,gates_maled
EUPATH_0011323,MAL-ED 0-60m Cohort,gates_maled
EUPATH_0011331,MAL-ED 0-60m Cohort,gates_maled
EUPATH_0011332,MAL-ED 0-60m Cohort,gates_maled
EUPATH_0011333,MAL-ED 0-60m Cohort,gates_maled
EUPATH_0011339,MAL-ED 0-60m Cohort,gates_maled
EUPATH_0011358,MAL-ED 0-60m Cohort,gates_maled
EUPATH_0011363,MAL-ED 0-60m Cohort,gates_maled
EUPATH_0011384,MAL-ED 0-60m Cohort,gates_maled
EUPATH_0011385,MAL-ED 0-60m Cohort,gates_maled
EUPATH_0011394,MAL-ED 0-60m Cohort,gates_maled
EUPATH_0011394,PERCH Case Control,gates_perch
EUPATH_0011395,MAL-ED 0-60m Cohort,gates_maled
EUPATH_0011396,MAL-ED 0-60m Cohort,gates_maled
EUPATH_0011397,MAL-ED 0-60m Cohort,gates_maled
EUPATH_0011398,MAL-ED 0-60m Cohort,gates_maled
EUPATH_0011398,PROVIDE Randomized Controlled Trial,gates_provide
EUPATH_0011400,MAL-ED 0-60m Cohort,gates_maled
EUPATH_0011403,MAL-ED 0-60m Cohort,gates_maled
EUPATH_0011404,MAL-ED 0-60m Cohort,gates_maled
EUPATH_0011405,MAL-ED 0-60m Cohort,gates_maled
EUPATH_0011411,MAL-ED 0-60m Cohort,gates_maled
EUPATH_0011423,MAL-ED 0-60m Cohort,gates_maled
EUPATH_0011427,MAL-ED 0-60m Cohort,gates_maled
EUPATH_0011427,VIDA Case Control,gates_vida
EUPATH_0011429,MAL-ED 0-60m Cohort,gates_maled
EUPATH_0011436,MAL-ED 0-60m Cohort,gates_maled
EUPATH_0011437,MAL-ED 0-60m Cohort,gates_maled
EUPATH_0011439,MAL-ED 0-60m Cohort,gates_maled
EUPATH_0011440,MAL-ED 0-60m Cohort,gates_maled
EUPATH_0011441,MAL-ED 0-60m Cohort,gates_maled
EUPATH_0011459,GANC,gates_ganc
EUPATH_0011459,MAL-ED 0-60m Cohort,gates_maled
EUPATH_0011460,MAL-ED 0-60m Cohort,gates_maled
EUPATH_0011461,MAL-ED 0-60m Cohort,gates_maled
EUPATH_0011464,MAL-ED 0-60m Cohort,gates_maled
EUPATH_0011465,MAL-ED 0-60m Cohort,gates_maled
EUPATH_0011466,MAL-ED 0-60m Cohort,gates_maled
EUPATH_0011468,MAL-ED 0-60m Cohort,gates_maled
EUPATH_0011469,MAL-ED 0-60m Cohort,gates_maled
EUPATH_0011472,MAL-ED 0-60m Cohort,gates_maled
EUPATH_0011472,PROVIDE Randomized Controlled Trial,gates_provide
EUPATH_0011473,MAL-ED 0-60m Cohort,gates_maled
EUPATH_0011473,PERCH Case Control,gates_perch
EUPATH_0011473,PROVIDE Randomized Controlled Trial,gates_provide
EUPATH_0011473,Kalifabougou,general_kalifabougou
EUPATH_0011473,PROMOTE BC3 Cohort,general_promote
EUPATH_0011475,MAL-ED 0-60m Cohort,gates_maled
EUPATH_0011476,MAL-ED 0-60m Cohort,gates_maled
EUPATH_0011477,MAL-ED 0-60m Cohort,gates_maled
EUPATH_0011478,MAL-ED 0-60m Cohort,gates_maled
EUPATH_0011478,PROVIDE Randomized Controlled Trial,gates_provide
EUPATH_0011479,MAL-ED 0-60m Cohort,gates_maled
EUPATH_0011479,PROVIDE Randomized Controlled Trial,gates_provide
EUPATH_0011480,MAL-ED 0-60m Cohort,gates_maled
EUPATH_0011480,PROVIDE Randomized Controlled Trial,gates_provide
EUPATH_0011482,GAMIN RCT,gates_gamin
EUPATH_0011482,LLINE UP Cluster Randomized Trial,gates_llineup
EUPATH_0011482,MAL-ED 0-60m Cohort,gates_maled
EUPATH_0011482,PERCH Case Control,gates_perch
EUPATH_0011482,PROVIDE Randomized Controlled Trial,gates_provide
EUPATH_0011482,Kalifabougou,general_kalifabougou
EUPATH_0011482,PROMOTE BC3 Cohort,general_promote
EUPATH_0011482,Amazonia ICEMR Brazil Cohort,icemr_amazonia_brazil
EUPATH_0011482,India ICEMR Severe P.vivax and falciparum Cohort,icemr_india_severe_malaria
EUPATH_0011482,Myanmar ICEMR,icemr_myanmar
EUPATH_0011482,West Africa ICEMR,icemr_west_africa
EUPATH_0011483,MAL-ED 0-60m Cohort,gates_maled
EUPATH_0011484,MAL-ED 0-60m Cohort,gates_maled
EUPATH_0011514,MAL-ED 0-60m Cohort,gates_maled
EUPATH_0011515,MAL-ED 0-60m Cohort,gates_maled
EUPATH_0011515,PROVIDE Randomized Controlled Trial,gates_provide
EUPATH_0011516,MAL-ED 0-60m Cohort,gates_maled
EUPATH_0011516,PROVIDE Randomized Controlled Trial,gates_provide
EUPATH_0011517,MAL-ED 0-60m Cohort,gates_maled
EUPATH_0011521,MAL-ED 0-60m Cohort,gates_maled
EUPATH_0011522,MAL-ED 0-60m Cohort,gates_maled
EUPATH_0011539,MAL-ED 0-60m Cohort,gates_maled
EUPATH_0011550,MAL-ED 0-60m Cohort,gates_maled
EUPATH_0011579,MAL-ED 0-60m Cohort,gates_maled
EUPATH_0011586,ELICIT,gates_elicit
EUPATH_0011586,MAL-ED 0-60m Cohort,gates_maled
EUPATH_0011590,MAL-ED 0-60m Cohort,gates_maled
EUPATH_0011591,MAL-ED 0-60m Cohort,gates_maled
EUPATH_0011593,ELICIT,gates_elicit
EUPATH_0011593,GANC,gates_ganc
EUPATH_0011593,MAL-ED 0-60m Cohort,gates_maled
EUPATH_0011593,PROVIDE Randomized Controlled Trial,gates_provide
EUPATH_0011593,Amazonia ICEMR Brazil Cohort,icemr_amazonia_brazil
EUPATH_0011593,Malawi ICEMR Case-Control,icemr_malawi
EUPATH_0011601,ELICIT,gates_elicit
EUPATH_0011601,MAL-ED 0-60m Cohort,gates_maled
EUPATH_0011603,ELICIT,gates_elicit
EUPATH_0011603,MAL-ED 0-60m Cohort,gates_maled
EUPATH_0011604,LLINE UP Cluster Randomized Trial,gates_llineup
EUPATH_0011604,MAL-ED 0-60m Cohort,gates_maled
EUPATH_0011605,MAL-ED 0-60m Cohort,gates_maled
EUPATH_0011605,WASHb BNG Cluster Randomized Trial,gates_washb_bangladesh
EUPATH_0011606,ELICIT,gates_elicit
EUPATH_0011606,MAL-ED 0-60m Cohort,gates_maled
EUPATH_0011607,ELICIT,gates_elicit
EUPATH_0011607,MAL-ED 0-60m Cohort,gates_maled
EUPATH_0011608,MAL-ED 0-60m Cohort,gates_maled
EUPATH_0011609,MAL-ED 0-60m Cohort,gates_maled
EUPATH_0011611,MAL-ED 0-60m Cohort,gates_maled
EUPATH_0011611,SHINE,gates_shine
EUPATH_0011612,MAL-ED 0-60m Cohort,gates_maled
EUPATH_0011613,MAL-ED 0-60m Cohort,gates_maled
EUPATH_0011614,MAL-ED 0-60m Cohort,gates_maled
EUPATH_0011615,MAL-ED 0-60m Cohort,gates_maled
EUPATH_0011617,ELICIT,gates_elicit
EUPATH_0011617,MAL-ED 0-60m Cohort,gates_maled
EUPATH_0011620,ELICIT,gates_elicit
EUPATH_0011620,MAL-ED 0-60m Cohort,gates_maled
EUPATH_0011623,MAL-ED 0-60m Cohort,gates_maled
EUPATH_0011625,MAL-ED 0-60m Cohort,gates_maled
EUPATH_0011626,MAL-ED 0-60m Cohort,gates_maled
EUPATH_0011627,MAL-ED 0-60m Cohort,gates_maled
EUPATH_0011628,MAL-ED 0-60m Cohort,gates_maled
EUPATH_0011629,MAL-ED 0-60m Cohort,gates_maled
EUPATH_0011630,MAL-ED 0-60m Cohort,gates_maled
EUPATH_0011631,MAL-ED 0-60m Cohort,gates_maled
EUPATH_0011632,MAL-ED 0-60m Cohort,gates_maled
EUPATH_0011633,MAL-ED 0-60m Cohort,gates_maled
EUPATH_0011634,MAL-ED 0-60m Cohort,gates_maled
EUPATH_0011635,MAL-ED 0-60m Cohort,gates_maled
EUPATH_0011636,MAL-ED 0-60m Cohort,gates_maled
EUPATH_0011637,MAL-ED 0-60m Cohort,gates_maled
EUPATH_0011638,MAL-ED 0-60m Cohort,gates_maled
EUPATH_0011639,MAL-ED 0-60m Cohort,gates_maled
EUPATH_0011640,MAL-ED 0-60m Cohort,gates_maled
EUPATH_0011641,MAL-ED 0-60m Cohort,gates_maled
EUPATH_0011642,MAL-ED 0-60m Cohort,gates_maled
EUPATH_0011643,MAL-ED 0-60m Cohort,gates_maled
EUPATH_0011644,MAL-ED 0-60m Cohort,gates_maled
EUPATH_0011645,MAL-ED 0-60m Cohort,gates_maled
EUPATH_0011646,MAL-ED 0-60m Cohort,gates_maled
EUPATH_0011647,MAL-ED 0-60m Cohort,gates_maled
EUPATH_0011648,MAL-ED 0-60m Cohort,gates_maled
EUPATH_0011649,MAL-ED 0-60m Cohort,gates_maled
EUPATH_0011651,MAL-ED 0-60m Cohort,gates_maled
EUPATH_0011652,MAL-ED 0-60m Cohort,gates_maled
EUPATH_0011652,SHINE,gates_shine
EUPATH_0011653,MAL-ED 0-60m Cohort,gates_maled
EUPATH_0011654,MAL-ED 0-60m Cohort,gates_maled
EUPATH_0011656,MAL-ED 0-60m Cohort,gates_maled
EUPATH_0011657,MAL-ED 0-60m Cohort,gates_maled
EUPATH_0011658,MAL-ED 0-60m Cohort,gates_maled
EUPATH_0011659,MAL-ED 0-60m Cohort,gates_maled
EUPATH_0011660,MAL-ED 0-60m Cohort,gates_maled
EUPATH_0011661,MAL-ED 0-60m Cohort,gates_maled
EUPATH_0011662,MAL-ED 0-60m Cohort,gates_maled
EUPATH_0011663,MAL-ED 0-60m Cohort,gates_maled
EUPATH_0011664,MAL-ED 0-60m Cohort,gates_maled
EUPATH_0011665,MAL-ED 0-60m Cohort,gates_maled
EUPATH_0011666,MAL-ED 0-60m Cohort,gates_maled
EUPATH_0011667,MAL-ED 0-60m Cohort,gates_maled
EUPATH_0011668,MAL-ED 0-60m Cohort,gates_maled
EUPATH_0011669,MAL-ED 0-60m Cohort,gates_maled
EUPATH_0011670,MAL-ED 0-60m Cohort,gates_maled
EUPATH_0011671,MAL-ED 0-60m Cohort,gates_maled
EUPATH_0011671,VIDA Case Control,gates_vida
EUPATH_0011671,VIDA HUCS Gambia Mali,gates_vida_hucs_gambia_mali
EUPATH_0011671,VIDA HUCS Kenya,gates_vida_hucs_kenya
EUPATH_0011672,MAL-ED 0-60m Cohort,gates_maled
EUPATH_0011673,MAL-ED 0-60m Cohort,gates_maled
EUPATH_0011677,MAL-ED 0-60m Cohort,gates_maled
EUPATH_0011678,MAL-ED 0-60m Cohort,gates_maled
EUPATH_0011680,ELICIT,gates_elicit
EUPATH_0011680,MAL-ED 0-60m Cohort,gates_maled
EUPATH_0011680,PROVIDE Randomized Controlled Trial,gates_provide
EUPATH_0011680,SHINE,gates_shine
EUPATH_0011683,LLINE UP Cluster Randomized Trial,gates_llineup
EUPATH_0011683,MAL-ED 0-60m Cohort,gates_maled
EUPATH_0011683,PROVIDE Randomized Controlled Trial,gates_provide
EUPATH_0011683,WASHb BNG Cluster Randomized Trial,gates_washb_bangladesh
EUPATH_0011683,WASH Benefits Kenya Cluster Randomized Trial,gates_washb_kenya
EUPATH_0011683,PROMOTE BC3 Cohort,general_promote
EUPATH_0011683,PRISM ICEMR Cohort,icemr_prism
EUPATH_0011683,PRISM2 ICEMR Cohort,icemr_prism2
EUPATH_0011683,PRISM2 ICEMR Border Cohort,icemr_prism2_border_cohort
EUPATH_0011701,MAL-ED 0-60m Cohort,gates_maled
EUPATH_0011702,MAL-ED 0-60m Cohort,gates_maled
EUPATH_0011708,ELICIT,gates_elicit
EUPATH_0011708,MAL-ED 0-60m Cohort,gates_maled
EUPATH_0011708,WASHb BNG Cluster Randomized Trial,gates_washb_bangladesh
EUPATH_0011730,"avenir,baseline",gates_avenir
EUPATH_0011730,ELICIT,gates_elicit
EUPATH_0011730,GAMIN RCT,gates_gamin
EUPATH_0011730,GANC,gates_ganc
EUPATH_0011730,GEMS1 Case Control,gates_gems
EUPATH_0011730,GEMS1A Case Control,gates_gems1a
EUPATH_0011730,MAL-ED 0-60m Cohort,gates_maled
EUPATH_0011730,PERCH Case Control,gates_perch
EUPATH_0011730,PROVIDE Randomized Controlled Trial,gates_provide
EUPATH_0011730,SHINE,gates_shine
EUPATH_0011730,SIP,gates_sip
EUPATH_0011732,"avenir,baseline",gates_avenir
EUPATH_0011732,MAL-ED 0-60m Cohort,gates_maled
EUPATH_0011732,SHINE,gates_shine
EUPATH_0011732,VIDA Case Control,gates_vida
EUPATH_0011732,VIDA HUCS Gambia Mali,gates_vida_hucs_gambia_mali
EUPATH_0011732,VIDA HUCS Kenya,gates_vida_hucs_kenya
EUPATH_0011734,MAL-ED 0-60m Cohort,gates_maled
EUPATH_0011739,MAL-ED 0-60m Cohort,gates_maled
EUPATH_0011740,MAL-ED 0-60m Cohort,gates_maled
EUPATH_0011743,MAL-ED 0-60m Cohort,gates_maled
EUPATH_0011744,MAL-ED 0-60m Cohort,gates_maled
EUPATH_0011745,MAL-ED 0-60m Cohort,gates_maled
EUPATH_0011746,MAL-ED 0-60m Cohort,gates_maled
EUPATH_0011747,MAL-ED 0-60m Cohort,gates_maled
EUPATH_0011748,MAL-ED 0-60m Cohort,gates_maled
EUPATH_0011748,PROVIDE Randomized Controlled Trial,gates_provide
EUPATH_0011750,MAL-ED 0-60m Cohort,gates_maled
EUPATH_0011750,PROVIDE Randomized Controlled Trial,gates_provide
EUPATH_0011750,VIDA Case Control,gates_vida
EUPATH_0011754,MAL-ED 0-60m Cohort,gates_maled
EUPATH_0011756,MAL-ED 0-60m Cohort,gates_maled
EUPATH_0011758,MAL-ED 0-60m Cohort,gates_maled
EUPATH_0011759,MAL-ED 0-60m Cohort,gates_maled
EUPATH_0011760,MAL-ED 0-60m Cohort,gates_maled
EUPATH_0011761,GEMS1A Case Control,gates_gems1a
EUPATH_0011761,MAL-ED 0-60m Cohort,gates_maled
EUPATH_0011762,MAL-ED 0-60m Cohort,gates_maled
EUPATH_0011763,MAL-ED 0-60m Cohort,gates_maled
EUPATH_0011764,MAL-ED 0-60m Cohort,gates_maled
EUPATH_0011765,MAL-ED 0-60m Cohort,gates_maled
EUPATH_0011766,MAL-ED 0-60m Cohort,gates_maled
EUPATH_0011767,MAL-ED 0-60m Cohort,gates_maled
EUPATH_0011768,MAL-ED 0-60m Cohort,gates_maled
EUPATH_0011769,MAL-ED 0-60m Cohort,gates_maled
EUPATH_0011770,MAL-ED 0-60m Cohort,gates_maled
EUPATH_0011771,MAL-ED 0-60m Cohort,gates_maled
EUPATH_0011772,MAL-ED 0-60m Cohort,gates_maled
EUPATH_0011773,MAL-ED 0-60m Cohort,gates_maled
EUPATH_0011775,MAL-ED 0-60m Cohort,gates_maled
EUPATH_0011776,MAL-ED 0-60m Cohort,gates_maled
EUPATH_0011778,MAL-ED 0-60m Cohort,gates_maled
EUPATH_0011780,MAL-ED 0-60m Cohort,gates_maled
EUPATH_0011782,MAL-ED 0-60m Cohort,gates_maled
EUPATH_0011783,MAL-ED 0-60m Cohort,gates_maled
EUPATH_0011785,MAL-ED 0-60m Cohort,gates_maled
EUPATH_0011785,PROVIDE Randomized Controlled Trial,gates_provide
EUPATH_0011787,MAL-ED 0-60m Cohort,gates_maled
EUPATH_0011788,MAL-ED 0-60m Cohort,gates_maled
EUPATH_0011789,MAL-ED 0-60m Cohort,gates_maled
EUPATH_0011790,MAL-ED 0-60m Cohort,gates_maled
EUPATH_0011791,MAL-ED 0-60m Cohort,gates_maled
EUPATH_0011792,MAL-ED 0-60m Cohort,gates_maled
EUPATH_0011793,MAL-ED 0-60m Cohort,gates_maled
EUPATH_0011794,MAL-ED 0-60m Cohort,gates_maled
EUPATH_0011795,ELICIT,gates_elicit
EUPATH_0011795,LLINE UP Cluster Randomized Trial,gates_llineup
EUPATH_0011795,MAL-ED 0-60m Cohort,gates_maled
EUPATH_0011795,Preventing Congenital Syphilis,gates_pcs
EUPATH_0011795,PERCH Case Control,gates_perch
EUPATH_0011795,PROVIDE Randomized Controlled Trial,gates_provide
EUPATH_0011795,SCORE Sm Cohort,gates_score_sm_cohort
EUPATH_0011795,SHINE,gates_shine
EUPATH_0011795,SIP,gates_sip
EUPATH_0011795,Kalifabougou,general_kalifabougou
EUPATH_0011795,PROMOTE BC3 Cohort,general_promote
EUPATH_0011795,Amazonia ICEMR Brazil Cohort,icemr_amazonia_brazil
EUPATH_0011795,India ICEMR Cohort,icemr_india_cohort
EUPATH_0011795,India ICEMR Cross-Sectional,icemr_india_cx
EUPATH_0011795,India ICEMR DAMaN,icemr_india_daman
EUPATH_0011795,India ICEMR Fever Surveillance,icemr_india_fever_surv
EUPATH_0011795,India ICEMR Meghalaya Cohort,icemr_india_meghalaya
EUPATH_0011795,India ICEMR Severe P.vivax and falciparum Cohort,icemr_india_severe_malaria
EUPATH_0011795,Myanmar ICEMR,icemr_myanmar
EUPATH_0011795,PRISM ICEMR Cohort,icemr_prism
EUPATH_0011795,PRISM2 ICEMR Cohort,icemr_prism2
EUPATH_0011795,PRISM2 ICEMR Border Cohort,icemr_prism2_border_cohort
EUPATH_0011795,South Asia ICEMR Surveillance,icemr_south_asia
EUPATH_0011795,Southern Africa ICEMR Cross-sectional,icemr_southern_africa
EUPATH_0011795,West Africa ICEMR,icemr_west_africa
EUPATH_0011797,MAL-ED 0-60m Cohort,gates_maled
EUPATH_0011797,Preventing Congenital Syphilis,gates_pcs
EUPATH_0011797,PROVIDE Randomized Controlled Trial,gates_provide
EUPATH_0011797,SCORE Burundi,gates_score_burundi
EUPATH_0011797,SCORE Five Country,gates_score_five_country
EUPATH_0011797,SCORE Rwanda,gates_score_rwanda
EUPATH_0011797,SCORE Zanzibar,gates_score_zanzibar
EUPATH_0011797,SHINE,gates_shine
EUPATH_0011797,PROMOTE BC3 Cohort,general_promote
EUPATH_0011800,GEMS1 Case Control,gates_gems
EUPATH_0011800,GEMS1A Case Control,gates_gems1a
EUPATH_0011800,MAL-ED 0-60m Cohort,gates_maled
EUPATH_0011800,PROVIDE Randomized Controlled Trial,gates_provide
EUPATH_0011801,MAL-ED 0-60m Cohort,gates_maled
EUPATH_0011803,MAL-ED 0-60m Cohort,gates_maled
EUPATH_0011806,MAL-ED 0-60m Cohort,gates_maled
EUPATH_0011807,MAL-ED 0-60m Cohort,gates_maled
EUPATH_0011809,MAL-ED 0-60m Cohort,gates_maled
EUPATH_0011810,MAL-ED 0-60m Cohort,gates_maled
EUPATH_0011811,MAL-ED 0-60m Cohort,gates_maled
EUPATH_0011812,MAL-ED 0-60m Cohort,gates_maled
EUPATH_0011813,MAL-ED 0-60m Cohort,gates_maled
EUPATH_0011814,MAL-ED 0-60m Cohort,gates_maled
EUPATH_0011815,MAL-ED 0-60m Cohort,gates_maled
EUPATH_0011816,MAL-ED 0-60m Cohort,gates_maled
EUPATH_0011818,MAL-ED 0-60m Cohort,gates_maled
EUPATH_0011819,MAL-ED 0-60m Cohort,gates_maled
EUPATH_0011821,MAL-ED 0-60m Cohort,gates_maled
EUPATH_0011822,MAL-ED 0-60m Cohort,gates_maled
EUPATH_0011823,MAL-ED 0-60m Cohort,gates_maled
EUPATH_0011825,MAL-ED 0-60m Cohort,gates_maled
EUPATH_0011826,MAL-ED 0-60m Cohort,gates_maled
EUPATH_0011828,MAL-ED 0-60m Cohort,gates_maled
EUPATH_0011829,MAL-ED 0-60m Cohort,gates_maled
EUPATH_0011831,MAL-ED 0-60m Cohort,gates_maled
EUPATH_0011832,MAL-ED 0-60m Cohort,gates_maled
EUPATH_0011832,PROVIDE Randomized Controlled Trial,gates_provide
EUPATH_0011835,MAL-ED 0-60m Cohort,gates_maled
EUPATH_0011837,MAL-ED 0-60m Cohort,gates_maled
EUPATH_0011843,GEMS1 Case Control,gates_gems
EUPATH_0011843,GEMS1A Case Control,gates_gems1a
EUPATH_0011843,MAL-ED 0-60m Cohort,gates_maled
EUPATH_0011843,PROVIDE Randomized Controlled Trial,gates_provide
EUPATH_0011844,GEMS1 Case Control,gates_gems
EUPATH_0011844,MAL-ED 0-60m Cohort,gates_maled
EUPATH_0011844,PROVIDE Randomized Controlled Trial,gates_provide
EUPATH_0011845,GEMS1 Case Control,gates_gems
EUPATH_0011845,GEMS1A Case Control,gates_gems1a
EUPATH_0011845,MAL-ED 0-60m Cohort,gates_maled
EUPATH_0011845,PROVIDE Randomized Controlled Trial,gates_provide
EUPATH_0011849,MAL-ED 0-60m Cohort,gates_maled
EUPATH_0011849,PROVIDE Randomized Controlled Trial,gates_provide
EUPATH_0011849,India ICEMR Severe P.vivax and falciparum Cohort,icemr_india_severe_malaria
EUPATH_0011850,MAL-ED 0-60m Cohort,gates_maled
EUPATH_0011851,MAL-ED 0-60m Cohort,gates_maled
EUPATH_0011852,MAL-ED 0-60m Cohort,gates_maled
EUPATH_0011853,MAL-ED 0-60m Cohort,gates_maled
EUPATH_0011854,MAL-ED 0-60m Cohort,gates_maled
EUPATH_0011855,MAL-ED 0-60m Cohort,gates_maled
EUPATH_0011855,PROVIDE Randomized Controlled Trial,gates_provide
EUPATH_0011856,MAL-ED 0-60m Cohort,gates_maled
EUPATH_0011857,MAL-ED 0-60m Cohort,gates_maled
EUPATH_0011857,PROVIDE Randomized Controlled Trial,gates_provide
EUPATH_0011858,MAL-ED 0-60m Cohort,gates_maled
EUPATH_0011859,MAL-ED 0-60m Cohort,gates_maled
EUPATH_0011860,MAL-ED 0-60m Cohort,gates_maled
EUPATH_0011861,MAL-ED 0-60m Cohort,gates_maled
EUPATH_0011862,MAL-ED 0-60m Cohort,gates_maled
EUPATH_0011863,MAL-ED 0-60m Cohort,gates_maled
EUPATH_0011864,MAL-ED 0-60m Cohort,gates_maled
EUPATH_0011865,MAL-ED 0-60m Cohort,gates_maled
EUPATH_0011865,PROVIDE Randomized Controlled Trial,gates_provide
EUPATH_0011866,MAL-ED 0-60m Cohort,gates_maled
EUPATH_0011867,MAL-ED 0-60m Cohort,gates_maled
EUPATH_0011868,MAL-ED 0-60m Cohort,gates_maled
EUPATH_0011869,MAL-ED 0-60m Cohort,gates_maled
EUPATH_0011870,MAL-ED 0-60m Cohort,gates_maled
EUPATH_0011871,MAL-ED 0-60m Cohort,gates_maled
EUPATH_0011872,MAL-ED 0-60m Cohort,gates_maled
EUPATH_0011873,MAL-ED 0-60m Cohort,gates_maled
EUPATH_0011874,MAL-ED 0-60m Cohort,gates_maled
EUPATH_0011875,MAL-ED 0-60m Cohort,gates_maled
EUPATH_0011876,GEMS1A Case Control,gates_gems1a
EUPATH_0011876,MAL-ED 0-60m Cohort,gates_maled
EUPATH_0011878,MAL-ED 0-60m Cohort,gates_maled
EUPATH_0011878,PERCH Case Control,gates_perch
EUPATH_0011878,PROVIDE Randomized Controlled Trial,gates_provide
EUPATH_0011878,SHINE,gates_shine
EUPATH_0011878,SIP,gates_sip
EUPATH_0011878,VIDA HUCS Gambia Mali,gates_vida_hucs_gambia_mali
EUPATH_0011878,VIDA HUCS Kenya,gates_vida_hucs_kenya
EUPATH_0011878,WASHb BNG Cluster Randomized Trial,gates_washb_bangladesh
EUPATH_0011878,WASH Benefits Kenya Cluster Randomized Trial,gates_washb_kenya
EUPATH_0011880,"avenir,baseline",gates_avenir
EUPATH_0011880,MAL-ED 0-60m Cohort,gates_maled
EUPATH_0011880,PROVIDE Randomized Controlled Trial,gates_provide
EUPATH_0011880,PROMOTE BC3 Cohort,general_promote
EUPATH_0011882,MAL-ED 0-60m Cohort,gates_maled
EUPATH_0011890,MAL-ED 0-60m Cohort,gates_maled
EUPATH_0011891,MAL-ED 0-60m Cohort,gates_maled
EUPATH_0011892,MAL-ED 0-60m Cohort,gates_maled
EUPATH_0011892,PROVIDE Randomized Controlled Trial,gates_provide
EUPATH_0011893,MAL-ED 0-60m Cohort,gates_maled
EUPATH_0011893,WASHb BNG Cluster Randomized Trial,gates_washb_bangladesh
EUPATH_0011894,GAMIN RCT,gates_gamin
EUPATH_0011894,MAL-ED 0-60m Cohort,gates_maled
EUPATH_0011894,PROVIDE Randomized Controlled Trial,gates_provide
EUPATH_0011895,GAMIN RCT,gates_gamin
EUPATH_0011895,MAL-ED 0-60m Cohort,gates_maled
EUPATH_0011895,PROVIDE Randomized Controlled Trial,gates_provide
EUPATH_0011911,MAL-ED 0-60m Cohort,gates_maled
EUPATH_0011915,MAL-ED 0-60m Cohort,gates_maled
EUPATH_0011917,MAL-ED 0-60m Cohort,gates_maled
EUPATH_0011918,MAL-ED 0-60m Cohort,gates_maled
EUPATH_0011919,MAL-ED 0-60m Cohort,gates_maled
EUPATH_0011920,MAL-ED 0-60m Cohort,gates_maled
EUPATH_0011921,MAL-ED 0-60m Cohort,gates_maled
EUPATH_0011922,MAL-ED 0-60m Cohort,gates_maled
EUPATH_0011923,MAL-ED 0-60m Cohort,gates_maled
EUPATH_0011924,MAL-ED 0-60m Cohort,gates_maled
EUPATH_0011926,MAL-ED 0-60m Cohort,gates_maled
EUPATH_0011927,MAL-ED 0-60m Cohort,gates_maled
EUPATH_0011928,MAL-ED 0-60m Cohort,gates_maled
EUPATH_0011929,MAL-ED 0-60m Cohort,gates_maled
EUPATH_0011930,MAL-ED 0-60m Cohort,gates_maled
EUPATH_0011931,MAL-ED 0-60m Cohort,gates_maled
EUPATH_0011932,ELICIT,gates_elicit
EUPATH_0011932,GEMS1 Case Control,gates_gems
EUPATH_0011932,GEMS1A Case Control,gates_gems1a
EUPATH_0011932,GEMS1 HUAS/HUAS Lite Survey,gates_gems_huas
EUPATH_0011932,LLINE UP Cluster Randomized Trial,gates_llineup
EUPATH_0011932,MAL-ED 0-60m Cohort,gates_maled
EUPATH_0011932,SHINE,gates_shine
EUPATH_0011932,PROMOTE BC3 Cohort,general_promote
EUPATH_0011932,Amazonia ICEMR Brazil Cohort,icemr_amazonia_brazil
EUPATH_0011932,PRISM ICEMR Cohort,icemr_prism
EUPATH_0011932,PRISM2 ICEMR Cohort,icemr_prism2
EUPATH_0011932,PRISM2 ICEMR Border Cohort,icemr_prism2_border_cohort
EUPATH_0011933,MAL-ED 0-60m Cohort,gates_maled
EUPATH_0011934,MAL-ED 0-60m Cohort,gates_maled
EUPATH_0011935,MAL-ED 0-60m Cohort,gates_maled
EUPATH_0011936,"avenir,baseline",gates_avenir
EUPATH_0011936,MAL-ED 0-60m Cohort,gates_maled
EUPATH_0011937,MAL-ED 0-60m Cohort,gates_maled
EUPATH_0011938,"avenir,baseline",gates_avenir
EUPATH_0011938,MAL-ED 0-60m Cohort,gates_maled
EUPATH_0011939,MAL-ED 0-60m Cohort,gates_maled
EUPATH_0011940,MAL-ED 0-60m Cohort,gates_maled
EUPATH_0011941,MAL-ED 0-60m Cohort,gates_maled
EUPATH_0011942,"avenir,baseline",gates_avenir
EUPATH_0011942,MAL-ED 0-60m Cohort,gates_maled
EUPATH_0011943,MAL-ED 0-60m Cohort,gates_maled
EUPATH_0011944,MAL-ED 0-60m Cohort,gates_maled
EUPATH_0011945,MAL-ED 0-60m Cohort,gates_maled
EUPATH_0011946,MAL-ED 0-60m Cohort,gates_maled
EUPATH_0011947,"avenir,baseline",gates_avenir
EUPATH_0011947,MAL-ED 0-60m Cohort,gates_maled
EUPATH_0011948,MAL-ED 0-60m Cohort,gates_maled
EUPATH_0011949,"avenir,baseline",gates_avenir
EUPATH_0011949,MAL-ED 0-60m Cohort,gates_maled
EUPATH_0011950,MAL-ED 0-60m Cohort,gates_maled
EUPATH_0011951,MAL-ED 0-60m Cohort,gates_maled
EUPATH_0011952,MAL-ED 0-60m Cohort,gates_maled
EUPATH_0011953,MAL-ED 0-60m Cohort,gates_maled
EUPATH_0011954,MAL-ED 0-60m Cohort,gates_maled
EUPATH_0011955,MAL-ED 0-60m Cohort,gates_maled
EUPATH_0011956,MAL-ED 0-60m Cohort,gates_maled
EUPATH_0011957,MAL-ED 0-60m Cohort,gates_maled
EUPATH_0011958,GEMS1 Case Control,gates_gems
EUPATH_0011958,GEMS1A Case Control,gates_gems1a
EUPATH_0011958,MAL-ED 0-60m Cohort,gates_maled
EUPATH_0011959,GEMS1 Case Control,gates_gems
EUPATH_0011959,GEMS1A Case Control,gates_gems1a
EUPATH_0011959,MAL-ED 0-60m Cohort,gates_maled
EUPATH_0011959,PROVIDE Randomized Controlled Trial,gates_provide
EUPATH_0011960,MAL-ED 0-60m Cohort,gates_maled
EUPATH_0011961,MAL-ED 0-60m Cohort,gates_maled
EUPATH_0011962,GEMS1 Case Control,gates_gems
EUPATH_0011962,GEMS1A Case Control,gates_gems1a
EUPATH_0011962,MAL-ED 0-60m Cohort,gates_maled
EUPATH_0011962,PROVIDE Randomized Controlled Trial,gates_provide
EUPATH_0011963,GEMS1A Case Control,gates_gems1a
EUPATH_0011963,MAL-ED 0-60m Cohort,gates_maled
EUPATH_0011963,PROVIDE Randomized Controlled Trial,gates_provide
EUPATH_0011964,GEMS1 Case Control,gates_gems
EUPATH_0011964,GEMS1A Case Control,gates_gems1a
EUPATH_0011964,MAL-ED 0-60m Cohort,gates_maled
EUPATH_0011965,GEMS1 Case Control,gates_gems
EUPATH_0011965,GEMS1A Case Control,gates_gems1a
EUPATH_0011965,MAL-ED 0-60m Cohort,gates_maled
EUPATH_0011967,GEMS1 Case Control,gates_gems
EUPATH_0011967,GEMS1A Case Control,gates_gems1a
EUPATH_0011967,MAL-ED 0-60m Cohort,gates_maled
EUPATH_0011967,PROVIDE Randomized Controlled Trial,gates_provide
EUPATH_0011968,MAL-ED 0-60m Cohort,gates_maled
EUPATH_0011969,GEMS1 Case Control,gates_gems
EUPATH_0011969,GEMS1A Case Control,gates_gems1a
EUPATH_0011969,MAL-ED 0-60m Cohort,gates_maled
EUPATH_0011970,MAL-ED 0-60m Cohort,gates_maled
EUPATH_0011971,GEMS1 Case Control,gates_gems
EUPATH_0011971,GEMS1A Case Control,gates_gems1a
EUPATH_0011971,MAL-ED 0-60m Cohort,gates_maled
EUPATH_0011971,PROVIDE Randomized Controlled Trial,gates_provide
EUPATH_0011972,MAL-ED 0-60m Cohort,gates_maled
EUPATH_0011973,MAL-ED 0-60m Cohort,gates_maled
EUPATH_0011973,PROVIDE Randomized Controlled Trial,gates_provide
EUPATH_0011974,GEMS1 Case Control,gates_gems
EUPATH_0011974,GEMS1A Case Control,gates_gems1a
EUPATH_0011974,MAL-ED 0-60m Cohort,gates_maled
EUPATH_0011974,PROVIDE Randomized Controlled Trial,gates_provide
EUPATH_0011975,MAL-ED 0-60m Cohort,gates_maled
EUPATH_0011976,GEMS1 Case Control,gates_gems
EUPATH_0011976,GEMS1A Case Control,gates_gems1a
EUPATH_0011976,MAL-ED 0-60m Cohort,gates_maled
EUPATH_0011976,PROVIDE Randomized Controlled Trial,gates_provide
EUPATH_0011977,MAL-ED 0-60m Cohort,gates_maled
EUPATH_0011977,PROVIDE Randomized Controlled Trial,gates_provide
EUPATH_0011978,MAL-ED 0-60m Cohort,gates_maled
EUPATH_0011978,PROVIDE Randomized Controlled Trial,gates_provide
EUPATH_0011979,MAL-ED 0-60m Cohort,gates_maled
EUPATH_0011980,GEMS1 Case Control,gates_gems
EUPATH_0011980,GEMS1A Case Control,gates_gems1a
EUPATH_0011980,MAL-ED 0-60m Cohort,gates_maled
EUPATH_0011980,PROVIDE Randomized Controlled Trial,gates_provide
EUPATH_0011981,MAL-ED 0-60m Cohort,gates_maled
EUPATH_0011982,GEMS1 Case Control,gates_gems
EUPATH_0011982,GEMS1A Case Control,gates_gems1a
EUPATH_0011982,MAL-ED 0-60m Cohort,gates_maled
EUPATH_0011982,PROVIDE Randomized Controlled Trial,gates_provide
EUPATH_0011983,GEMS1 Case Control,gates_gems
EUPATH_0011983,GEMS1A Case Control,gates_gems1a
EUPATH_0011983,MAL-ED 0-60m Cohort,gates_maled
EUPATH_0011984,GEMS1 Case Control,gates_gems
EUPATH_0011984,GEMS1A Case Control,gates_gems1a
EUPATH_0011984,MAL-ED 0-60m Cohort,gates_maled
EUPATH_0011985,GEMS1 Case Control,gates_gems
EUPATH_0011985,GEMS1A Case Control,gates_gems1a
EUPATH_0011985,MAL-ED 0-60m Cohort,gates_maled
EUPATH_0011985,PROVIDE Randomized Controlled Trial,gates_provide
EUPATH_0011986,MAL-ED 0-60m Cohort,gates_maled
EUPATH_0011989,MAL-ED 0-60m Cohort,gates_maled
EUPATH_0011990,MAL-ED 0-60m Cohort,gates_maled
EUPATH_0011991,MAL-ED 0-60m Cohort,gates_maled
EUPATH_0011992,MAL-ED 0-60m Cohort,gates_maled
EUPATH_0011993,MAL-ED 0-60m Cohort,gates_maled
EUPATH_0011994,MAL-ED 0-60m Cohort,gates_maled
EUPATH_0011995,GEMS1 Case Control,gates_gems
EUPATH_0011995,GEMS1A Case Control,gates_gems1a
EUPATH_0011995,LLINE UP Cluster Randomized Trial,gates_llineup
EUPATH_0011995,MAL-ED 0-60m Cohort,gates_maled
EUPATH_0011995,PROVIDE Randomized Controlled Trial,gates_provide
EUPATH_0011995,SHINE,gates_shine
EUPATH_0011995,VIDA HUCS Kenya,gates_vida_hucs_kenya
EUPATH_0011995,WASHb BNG Cluster Randomized Trial,gates_washb_bangladesh
EUPATH_0011995,WASH Benefits Kenya Cluster Randomized Trial,gates_washb_kenya
EUPATH_0011995,Kalifabougou,general_kalifabougou
EUPATH_0011995,PROMOTE BC3 Cohort,general_promote
EUPATH_0011995,Amazonia ICEMR Brazil Cohort,icemr_amazonia_brazil
EUPATH_0011995,Amazonia ICEMR Peru Cohort,icemr_amazonia_peru
EUPATH_0011995,India ICEMR Behavior Cross-sectional,icemr_india_behavior
EUPATH_0011995,India ICEMR Cohort,icemr_india_cohort
EUPATH_0011995,India ICEMR Cross-Sectional,icemr_india_cx
EUPATH_0011995,India ICEMR Meghalaya Cohort,icemr_india_meghalaya
EUPATH_0011995,Malawi ICEMR Case-Control,icemr_malawi
EUPATH_0011995,PRISM2 ICEMR Cohort,icemr_prism2
EUPATH_0011995,PRISM2 ICEMR Border Cohort,icemr_prism2_border_cohort
EUPATH_0011995,Southeast Asia ICEMR Surveillance,icemr_southeast_asia
EUPATH_0011995,Southern Africa ICEMR Cross-sectional,icemr_southern_africa
EUPATH_0011996,GAMIN RCT,gates_gamin
EUPATH_0011996,MAL-ED 0-60m Cohort,gates_maled
EUPATH_0011996,SHINE,gates_shine
EUPATH_0011996,Myanmar ICEMR,icemr_myanmar
EUPATH_0011996,PRISM2 ICEMR Cohort,icemr_prism2
EUPATH_0011996,PRISM2 ICEMR Border Cohort,icemr_prism2_border_cohort
EUPATH_0011997,MAL-ED 0-60m Cohort,gates_maled
EUPATH_0012223,PROVIDE Randomized Controlled Trial,gates_provide
EUPATH_0012223,SIP,gates_sip
EUPATH_0012223,Amazonia ICEMR Brazil Cohort,icemr_amazonia_brazil
EUPATH_0012224,PROVIDE Randomized Controlled Trial,gates_provide
EUPATH_0012224,SIP,gates_sip
EUPATH_0012224,Amazonia ICEMR Brazil Cohort,icemr_amazonia_brazil
EUPATH_0012417,SIP,gates_sip
EUPATH_0012417,Amazonia ICEMR Brazil Cohort,icemr_amazonia_brazil
EUPATH_0015001,GEMS1 Case Control,gates_gems
EUPATH_0015001,GEMS1A Case Control,gates_gems1a
EUPATH_0015001,GEMS1 HUAS/HUAS Lite Survey,gates_gems_huas
EUPATH_0015001,VIDA Case Control,gates_vida
EUPATH_0015001,VIDA HUCS Gambia Mali,gates_vida_hucs_gambia_mali
EUPATH_0015001,VIDA HUCS Kenya,gates_vida_hucs_kenya
EUPATH_0015008,GEMS1 Case Control,gates_gems
EUPATH_0015008,GEMS1A Case Control,gates_gems1a
EUPATH_0015008,VIDA Case Control,gates_vida
EUPATH_0015008,VIDA HUCS Gambia Mali,gates_vida_hucs_gambia_mali
EUPATH_0015008,VIDA HUCS Kenya,gates_vida_hucs_kenya
EUPATH_0015011,GEMS1 Case Control,gates_gems
EUPATH_0015011,GEMS1A Case Control,gates_gems1a
EUPATH_0015011,GEMS1 HUAS/HUAS Lite Survey,gates_gems_huas
EUPATH_0015011,VIDA Case Control,gates_vida
EUPATH_0015011,VIDA HUCS Gambia Mali,gates_vida_hucs_gambia_mali
EUPATH_0015011,VIDA HUCS Kenya,gates_vida_hucs_kenya
EUPATH_0015012,GEMS1 Case Control,gates_gems
EUPATH_0015012,GEMS1A Case Control,gates_gems1a
EUPATH_0015012,VIDA Case Control,gates_vida
EUPATH_0015013,GEMS1 Case Control,gates_gems
EUPATH_0015013,GEMS1A Case Control,gates_gems1a
EUPATH_0015013,VIDA Case Control,gates_vida
EUPATH_0015014,GEMS1 Case Control,gates_gems
EUPATH_0015014,GEMS1A Case Control,gates_gems1a
EUPATH_0015014,VIDA Case Control,gates_vida
EUPATH_0015015,GEMS1 Case Control,gates_gems
EUPATH_0015015,GEMS1A Case Control,gates_gems1a
EUPATH_0015015,VIDA Case Control,gates_vida
EUPATH_0015016,GEMS1 Case Control,gates_gems
EUPATH_0015016,GEMS1A Case Control,gates_gems1a
EUPATH_0015016,VIDA Case Control,gates_vida
EUPATH_0015017,GEMS1 Case Control,gates_gems
EUPATH_0015017,GEMS1A Case Control,gates_gems1a
EUPATH_0015017,VIDA Case Control,gates_vida
EUPATH_0015018,GEMS1 Case Control,gates_gems
EUPATH_0015018,GEMS1A Case Control,gates_gems1a
EUPATH_0015018,VIDA Case Control,gates_vida
EUPATH_0015019,GEMS1 Case Control,gates_gems
EUPATH_0015019,GEMS1A Case Control,gates_gems1a
EUPATH_0015019,VIDA Case Control,gates_vida
EUPATH_0015020,GEMS1 Case Control,gates_gems
EUPATH_0015020,GEMS1A Case Control,gates_gems1a
EUPATH_0015020,VIDA Case Control,gates_vida
EUPATH_0015021,GEMS1 Case Control,gates_gems
EUPATH_0015021,GEMS1A Case Control,gates_gems1a
EUPATH_0015021,VIDA Case Control,gates_vida
EUPATH_0015022,GEMS1 Case Control,gates_gems
EUPATH_0015022,GEMS1A Case Control,gates_gems1a
EUPATH_0015022,VIDA Case Control,gates_vida
EUPATH_0015023,GEMS1 Case Control,gates_gems
EUPATH_0015023,GEMS1A Case Control,gates_gems1a
EUPATH_0015023,VIDA Case Control,gates_vida
EUPATH_0015024,"avenir,baseline",gates_avenir
EUPATH_0015024,GEMS1 Case Control,gates_gems
EUPATH_0015024,GEMS1A Case Control,gates_gems1a
EUPATH_0015024,VIDA Case Control,gates_vida
EUPATH_0015024,India ICEMR Meghalaya Cohort,icemr_india_meghalaya
EUPATH_0015025,GEMS1 Case Control,gates_gems
EUPATH_0015025,GEMS1A Case Control,gates_gems1a
EUPATH_0015025,VIDA Case Control,gates_vida
EUPATH_0015026,GEMS1 Case Control,gates_gems
EUPATH_0015026,GEMS1A Case Control,gates_gems1a
EUPATH_0015026,VIDA Case Control,gates_vida
EUPATH_0015027,GEMS1 Case Control,gates_gems
EUPATH_0015027,GEMS1A Case Control,gates_gems1a
EUPATH_0015027,VIDA Case Control,gates_vida
EUPATH_0015028,"avenir,baseline",gates_avenir
EUPATH_0015028,GEMS1 Case Control,gates_gems
EUPATH_0015028,GEMS1A Case Control,gates_gems1a
EUPATH_0015028,VIDA Case Control,gates_vida
EUPATH_0015028,India ICEMR Meghalaya Cohort,icemr_india_meghalaya
EUPATH_0015029,GEMS1 Case Control,gates_gems
EUPATH_0015029,GEMS1A Case Control,gates_gems1a
EUPATH_0015029,VIDA Case Control,gates_vida
EUPATH_0015030,GEMS1 Case Control,gates_gems
EUPATH_0015030,GEMS1A Case Control,gates_gems1a
EUPATH_0015030,VIDA Case Control,gates_vida
EUPATH_0015030,India ICEMR Meghalaya Cohort,icemr_india_meghalaya
EUPATH_0015031,"avenir,baseline",gates_avenir
EUPATH_0015031,GEMS1 Case Control,gates_gems
EUPATH_0015031,GEMS1A Case Control,gates_gems1a
EUPATH_0015031,VIDA Case Control,gates_vida
EUPATH_0015034,GEMS1 Case Control,gates_gems
EUPATH_0015034,GEMS1A Case Control,gates_gems1a
EUPATH_0015034,VIDA Case Control,gates_vida
EUPATH_0015036,GEMS1 Case Control,gates_gems
EUPATH_0015036,GEMS1A Case Control,gates_gems1a
EUPATH_0015036,VIDA Case Control,gates_vida
EUPATH_0015037,GEMS1 Case Control,gates_gems
EUPATH_0015037,GEMS1A Case Control,gates_gems1a
EUPATH_0015037,VIDA Case Control,gates_vida
EUPATH_0015038,GEMS1 Case Control,gates_gems
EUPATH_0015038,GEMS1A Case Control,gates_gems1a
EUPATH_0015038,VIDA Case Control,gates_vida
EUPATH_0015039,GEMS1 Case Control,gates_gems
EUPATH_0015039,GEMS1A Case Control,gates_gems1a
EUPATH_0015039,VIDA Case Control,gates_vida
EUPATH_0015040,GEMS1 Case Control,gates_gems
EUPATH_0015040,GEMS1A Case Control,gates_gems1a
EUPATH_0015040,VIDA Case Control,gates_vida
EUPATH_0015041,GEMS1 Case Control,gates_gems
EUPATH_0015041,GEMS1A Case Control,gates_gems1a
EUPATH_0015041,VIDA Case Control,gates_vida
EUPATH_0015042,GEMS1 Case Control,gates_gems
EUPATH_0015042,GEMS1A Case Control,gates_gems1a
EUPATH_0015043,GEMS1 Case Control,gates_gems
EUPATH_0015043,GEMS1A Case Control,gates_gems1a
EUPATH_0015043,VIDA Case Control,gates_vida
EUPATH_0015044,GEMS1 Case Control,gates_gems
EUPATH_0015044,GEMS1A Case Control,gates_gems1a
EUPATH_0015044,VIDA Case Control,gates_vida
EUPATH_0015045,GEMS1 Case Control,gates_gems
EUPATH_0015045,GEMS1A Case Control,gates_gems1a
EUPATH_0015045,VIDA Case Control,gates_vida
EUPATH_0015046,GEMS1 Case Control,gates_gems
EUPATH_0015046,GEMS1A Case Control,gates_gems1a
EUPATH_0015046,VIDA Case Control,gates_vida
EUPATH_0015047,GEMS1 Case Control,gates_gems
EUPATH_0015047,GEMS1A Case Control,gates_gems1a
EUPATH_0015047,VIDA Case Control,gates_vida
EUPATH_0015048,GEMS1 Case Control,gates_gems
EUPATH_0015048,GEMS1A Case Control,gates_gems1a
EUPATH_0015048,VIDA Case Control,gates_vida
EUPATH_0015049,GEMS1 Case Control,gates_gems
EUPATH_0015049,GEMS1A Case Control,gates_gems1a
EUPATH_0015049,VIDA Case Control,gates_vida
EUPATH_0015050,GEMS1 Case Control,gates_gems
EUPATH_0015050,GEMS1A Case Control,gates_gems1a
EUPATH_0015050,VIDA Case Control,gates_vida
EUPATH_0015051,GEMS1 Case Control,gates_gems
EUPATH_0015051,GEMS1A Case Control,gates_gems1a
EUPATH_0015052,GEMS1 Case Control,gates_gems
EUPATH_0015052,GEMS1A Case Control,gates_gems1a
EUPATH_0015053,GEMS1 Case Control,gates_gems
EUPATH_0015053,GEMS1A Case Control,gates_gems1a
EUPATH_0015054,GEMS1 Case Control,gates_gems
EUPATH_0015054,GEMS1A Case Control,gates_gems1a
EUPATH_0015055,GEMS1 Case Control,gates_gems
EUPATH_0015055,GEMS1A Case Control,gates_gems1a
EUPATH_0015056,GEMS1 Case Control,gates_gems
EUPATH_0015056,GEMS1A Case Control,gates_gems1a
EUPATH_0015057,GEMS1 Case Control,gates_gems
EUPATH_0015057,GEMS1A Case Control,gates_gems1a
EUPATH_0015058,GEMS1 Case Control,gates_gems
EUPATH_0015058,GEMS1A Case Control,gates_gems1a
EUPATH_0015059,GEMS1 Case Control,gates_gems
EUPATH_0015059,GEMS1A Case Control,gates_gems1a
EUPATH_0015060,GEMS1 Case Control,gates_gems
EUPATH_0015060,GEMS1A Case Control,gates_gems1a
EUPATH_0015061,GEMS1 Case Control,gates_gems
EUPATH_0015061,GEMS1A Case Control,gates_gems1a
EUPATH_0015062,GEMS1 Case Control,gates_gems
EUPATH_0015062,GEMS1A Case Control,gates_gems1a
EUPATH_0015063,GEMS1 Case Control,gates_gems
EUPATH_0015063,GEMS1A Case Control,gates_gems1a
EUPATH_0015065,GEMS1 Case Control,gates_gems
EUPATH_0015065,GEMS1A Case Control,gates_gems1a
EUPATH_0015066,GEMS1 Case Control,gates_gems
EUPATH_0015066,GEMS1A Case Control,gates_gems1a
EUPATH_0015067,GEMS1 Case Control,gates_gems
EUPATH_0015067,GEMS1A Case Control,gates_gems1a
EUPATH_0015068,GEMS1 Case Control,gates_gems
EUPATH_0015068,GEMS1A Case Control,gates_gems1a
EUPATH_0015069,GEMS1 Case Control,gates_gems
EUPATH_0015069,GEMS1A Case Control,gates_gems1a
EUPATH_0015070,GEMS1 Case Control,gates_gems
EUPATH_0015070,GEMS1A Case Control,gates_gems1a
EUPATH_0015072,GEMS1 Case Control,gates_gems
EUPATH_0015072,GEMS1A Case Control,gates_gems1a
EUPATH_0015073,GEMS1 Case Control,gates_gems
EUPATH_0015073,GEMS1A Case Control,gates_gems1a
EUPATH_0015074,GEMS1 Case Control,gates_gems
EUPATH_0015074,GEMS1A Case Control,gates_gems1a
EUPATH_0015075,GEMS1 Case Control,gates_gems
EUPATH_0015075,GEMS1A Case Control,gates_gems1a
EUPATH_0015077,GEMS1 Case Control,gates_gems
EUPATH_0015077,GEMS1A Case Control,gates_gems1a
EUPATH_0015078,GEMS1 Case Control,gates_gems
EUPATH_0015078,GEMS1A Case Control,gates_gems1a
EUPATH_0015079,GEMS1 Case Control,gates_gems
EUPATH_0015079,GEMS1A Case Control,gates_gems1a
EUPATH_0015080,GEMS1 Case Control,gates_gems
EUPATH_0015080,GEMS1A Case Control,gates_gems1a
EUPATH_0015081,GEMS1 Case Control,gates_gems
EUPATH_0015081,GEMS1A Case Control,gates_gems1a
EUPATH_0015082,GEMS1 Case Control,gates_gems
EUPATH_0015082,GEMS1A Case Control,gates_gems1a
EUPATH_0015082,VIDA Case Control,gates_vida
EUPATH_0015083,GEMS1 Case Control,gates_gems
EUPATH_0015083,GEMS1A Case Control,gates_gems1a
EUPATH_0015083,VIDA Case Control,gates_vida
EUPATH_0015084,GEMS1 Case Control,gates_gems
EUPATH_0015084,GEMS1A Case Control,gates_gems1a
EUPATH_0015084,VIDA Case Control,gates_vida
EUPATH_0015085,GEMS1 Case Control,gates_gems
EUPATH_0015085,GEMS1A Case Control,gates_gems1a
EUPATH_0015085,VIDA Case Control,gates_vida
EUPATH_0015085,VIDA HUCS Gambia Mali,gates_vida_hucs_gambia_mali
EUPATH_0015086,GEMS1 Case Control,gates_gems
EUPATH_0015086,GEMS1A Case Control,gates_gems1a
EUPATH_0015086,VIDA Case Control,gates_vida
EUPATH_0015087,GEMS1 Case Control,gates_gems
EUPATH_0015087,GEMS1A Case Control,gates_gems1a
EUPATH_0015087,VIDA Case Control,gates_vida
EUPATH_0015088,GEMS1 Case Control,gates_gems
EUPATH_0015088,GEMS1A Case Control,gates_gems1a
EUPATH_0015088,VIDA Case Control,gates_vida
EUPATH_0015089,GEMS1 Case Control,gates_gems
EUPATH_0015089,GEMS1A Case Control,gates_gems1a
EUPATH_0015089,VIDA Case Control,gates_vida
EUPATH_0015090,GEMS1 Case Control,gates_gems
EUPATH_0015090,GEMS1A Case Control,gates_gems1a
EUPATH_0015090,VIDA Case Control,gates_vida
EUPATH_0015092,GEMS1 Case Control,gates_gems
EUPATH_0015092,GEMS1A Case Control,gates_gems1a
EUPATH_0015092,VIDA HUCS Gambia Mali,gates_vida_hucs_gambia_mali
EUPATH_0015092,VIDA HUCS Kenya,gates_vida_hucs_kenya
EUPATH_0015093,GEMS1 Case Control,gates_gems
EUPATH_0015093,GEMS1A Case Control,gates_gems1a
EUPATH_0015093,GEMS1A HUAS Lite Survey,gates_gems1a_huas
EUPATH_0015093,GEMS1 HUAS/HUAS Lite Survey,gates_gems_huas
EUPATH_0015093,VIDA Case Control,gates_vida
EUPATH_0015093,VIDA HUCS Gambia Mali,gates_vida_hucs_gambia_mali
EUPATH_0015093,VIDA HUCS Kenya,gates_vida_hucs_kenya
EUPATH_0015094,GEMS1 Case Control,gates_gems
EUPATH_0015094,GEMS1A Case Control,gates_gems1a
EUPATH_0015094,GEMS1A HUAS Lite Survey,gates_gems1a_huas
EUPATH_0015094,GEMS1 HUAS/HUAS Lite Survey,gates_gems_huas
EUPATH_0015094,VIDA Case Control,gates_vida
EUPATH_0015094,VIDA HUCS Gambia Mali,gates_vida_hucs_gambia_mali
EUPATH_0015094,VIDA HUCS Kenya,gates_vida_hucs_kenya
EUPATH_0015095,GEMS1 Case Control,gates_gems
EUPATH_0015095,GEMS1A Case Control,gates_gems1a
EUPATH_0015095,GEMS1A HUAS Lite Survey,gates_gems1a_huas
EUPATH_0015095,GEMS1 HUAS/HUAS Lite Survey,gates_gems_huas
EUPATH_0015095,VIDA HUCS Gambia Mali,gates_vida_hucs_gambia_mali
EUPATH_0015095,VIDA HUCS Kenya,gates_vida_hucs_kenya
EUPATH_0015096,GEMS1 Case Control,gates_gems
EUPATH_0015096,GEMS1A Case Control,gates_gems1a
EUPATH_0015096,GEMS1A HUAS Lite Survey,gates_gems1a_huas
EUPATH_0015096,GEMS1 HUAS/HUAS Lite Survey,gates_gems_huas
EUPATH_0015096,VIDA HUCS Gambia Mali,gates_vida_hucs_gambia_mali
EUPATH_0015096,VIDA HUCS Kenya,gates_vida_hucs_kenya
EUPATH_0015097,GEMS1 Case Control,gates_gems
EUPATH_0015097,GEMS1A Case Control,gates_gems1a
EUPATH_0015097,GEMS1A HUAS Lite Survey,gates_gems1a_huas
EUPATH_0015097,GEMS1 HUAS/HUAS Lite Survey,gates_gems_huas
EUPATH_0015097,VIDA Case Control,gates_vida
EUPATH_0015097,VIDA HUCS Gambia Mali,gates_vida_hucs_gambia_mali
EUPATH_0015097,VIDA HUCS Kenya,gates_vida_hucs_kenya
EUPATH_0015098,GEMS1 Case Control,gates_gems
EUPATH_0015098,GEMS1A Case Control,gates_gems1a
EUPATH_0015098,GEMS1A HUAS Lite Survey,gates_gems1a_huas
EUPATH_0015098,GEMS1 HUAS/HUAS Lite Survey,gates_gems_huas
EUPATH_0015098,VIDA Case Control,gates_vida
EUPATH_0015098,VIDA HUCS Gambia Mali,gates_vida_hucs_gambia_mali
EUPATH_0015098,VIDA HUCS Kenya,gates_vida_hucs_kenya
EUPATH_0015099,GEMS1 Case Control,gates_gems
EUPATH_0015099,GEMS1A Case Control,gates_gems1a
EUPATH_0015099,GEMS1 HUAS/HUAS Lite Survey,gates_gems_huas
EUPATH_0015100,GEMS1 Case Control,gates_gems
EUPATH_0015100,GEMS1A Case Control,gates_gems1a
EUPATH_0015100,GEMS1 HUAS/HUAS Lite Survey,gates_gems_huas
EUPATH_0015101,GEMS1 Case Control,gates_gems
EUPATH_0015101,GEMS1A Case Control,gates_gems1a
EUPATH_0015101,GEMS1 HUAS/HUAS Lite Survey,gates_gems_huas
EUPATH_0015102,GEMS1 Case Control,gates_gems
EUPATH_0015102,GEMS1A Case Control,gates_gems1a
EUPATH_0015102,GEMS1 HUAS/HUAS Lite Survey,gates_gems_huas
EUPATH_0015103,GEMS1 Case Control,gates_gems
EUPATH_0015103,GEMS1A Case Control,gates_gems1a
EUPATH_0015103,GEMS1 HUAS/HUAS Lite Survey,gates_gems_huas
EUPATH_0015104,GEMS1 Case Control,gates_gems
EUPATH_0015104,GEMS1A Case Control,gates_gems1a
EUPATH_0015104,GEMS1 HUAS/HUAS Lite Survey,gates_gems_huas
EUPATH_0015105,GEMS1 Case Control,gates_gems
EUPATH_0015105,GEMS1A Case Control,gates_gems1a
EUPATH_0015105,GEMS1 HUAS/HUAS Lite Survey,gates_gems_huas
EUPATH_0015106,GEMS1 Case Control,gates_gems
EUPATH_0015106,GEMS1A Case Control,gates_gems1a
EUPATH_0015106,GEMS1 HUAS/HUAS Lite Survey,gates_gems_huas
EUPATH_0015107,GEMS1 Case Control,gates_gems
EUPATH_0015107,GEMS1A Case Control,gates_gems1a
EUPATH_0015108,GEMS1 Case Control,gates_gems
EUPATH_0015108,GEMS1A Case Control,gates_gems1a
EUPATH_0015109,GEMS1 Case Control,gates_gems
EUPATH_0015109,GEMS1A Case Control,gates_gems1a
EUPATH_0015110,GEMS1 Case Control,gates_gems
EUPATH_0015110,GEMS1A Case Control,gates_gems1a
EUPATH_0015111,GEMS1 Case Control,gates_gems
EUPATH_0015111,GEMS1A Case Control,gates_gems1a
EUPATH_0015112,GEMS1 Case Control,gates_gems
EUPATH_0015112,GEMS1A Case Control,gates_gems1a
EUPATH_0015113,GEMS1 Case Control,gates_gems
EUPATH_0015113,GEMS1A Case Control,gates_gems1a
EUPATH_0015114,GEMS1 Case Control,gates_gems
EUPATH_0015114,GEMS1A Case Control,gates_gems1a
EUPATH_0015115,GEMS1 Case Control,gates_gems
EUPATH_0015115,GEMS1A Case Control,gates_gems1a
EUPATH_0015116,GEMS1 Case Control,gates_gems
EUPATH_0015116,GEMS1A Case Control,gates_gems1a
EUPATH_0015117,GEMS1 Case Control,gates_gems
EUPATH_0015117,GEMS1A Case Control,gates_gems1a
EUPATH_0015119,GEMS1 Case Control,gates_gems
EUPATH_0015119,GEMS1A Case Control,gates_gems1a
EUPATH_0015120,GEMS1 Case Control,gates_gems
EUPATH_0015120,GEMS1A Case Control,gates_gems1a
EUPATH_0015121,GEMS1 Case Control,gates_gems
EUPATH_0015121,GEMS1A Case Control,gates_gems1a
EUPATH_0015122,GEMS1 Case Control,gates_gems
EUPATH_0015122,GEMS1A Case Control,gates_gems1a
EUPATH_0015123,GEMS1 Case Control,gates_gems
EUPATH_0015123,GEMS1A Case Control,gates_gems1a
EUPATH_0015124,GEMS1 Case Control,gates_gems
EUPATH_0015124,GEMS1A Case Control,gates_gems1a
EUPATH_0015125,GEMS1 Case Control,gates_gems
EUPATH_0015125,GEMS1A Case Control,gates_gems1a
EUPATH_0015126,GEMS1 Case Control,gates_gems
EUPATH_0015126,GEMS1A Case Control,gates_gems1a
EUPATH_0015127,GEMS1 Case Control,gates_gems
EUPATH_0015127,GEMS1A Case Control,gates_gems1a
EUPATH_0015128,GEMS1 Case Control,gates_gems
EUPATH_0015128,GEMS1A Case Control,gates_gems1a
EUPATH_0015129,GEMS1 Case Control,gates_gems
EUPATH_0015129,GEMS1A Case Control,gates_gems1a
EUPATH_0015130,GEMS1 Case Control,gates_gems
EUPATH_0015130,GEMS1A Case Control,gates_gems1a
EUPATH_0015130,PERCH Case Control,gates_perch
EUPATH_0015130,VIDA Case Control,gates_vida
EUPATH_0015131,GEMS1 Case Control,gates_gems
EUPATH_0015131,GEMS1A Case Control,gates_gems1a
EUPATH_0015131,PERCH Case Control,gates_perch
EUPATH_0015131,VIDA Case Control,gates_vida
EUPATH_0015132,GEMS1 Case Control,gates_gems
EUPATH_0015132,GEMS1A Case Control,gates_gems1a
EUPATH_0015132,VIDA Case Control,gates_vida
EUPATH_0015133,GEMS1 Case Control,gates_gems
EUPATH_0015133,GEMS1A Case Control,gates_gems1a
EUPATH_0015133,PERCH Case Control,gates_perch
EUPATH_0015133,SIP,gates_sip
EUPATH_0015133,VIDA Case Control,gates_vida
EUPATH_0015133,India ICEMR Severe P.vivax and falciparum Cohort,icemr_india_severe_malaria
EUPATH_0015134,GEMS1 Case Control,gates_gems
EUPATH_0015134,GEMS1A Case Control,gates_gems1a
EUPATH_0015134,VIDA Case Control,gates_vida
EUPATH_0015135,GEMS1 Case Control,gates_gems
EUPATH_0015135,GEMS1A Case Control,gates_gems1a
EUPATH_0015135,PERCH Case Control,gates_perch
EUPATH_0015135,VIDA Case Control,gates_vida
EUPATH_0015136,GEMS1 Case Control,gates_gems
EUPATH_0015136,GEMS1A Case Control,gates_gems1a
EUPATH_0015136,PERCH Case Control,gates_perch
EUPATH_0015136,VIDA Case Control,gates_vida
EUPATH_0015137,GEMS1 Case Control,gates_gems
EUPATH_0015137,GEMS1A Case Control,gates_gems1a
EUPATH_0015137,VIDA Case Control,gates_vida
EUPATH_0015137,India ICEMR Severe P.vivax and falciparum Cohort,icemr_india_severe_malaria
EUPATH_0015138,GEMS1 Case Control,gates_gems
EUPATH_0015138,GEMS1A Case Control,gates_gems1a
EUPATH_0015138,PERCH Case Control,gates_perch
EUPATH_0015138,SIP,gates_sip
EUPATH_0015138,VIDA Case Control,gates_vida
EUPATH_0015138,India ICEMR Severe P.vivax and falciparum Cohort,icemr_india_severe_malaria
EUPATH_0015139,GEMS1 Case Control,gates_gems
EUPATH_0015139,GEMS1A Case Control,gates_gems1a
EUPATH_0015139,GEMS1 HUAS/HUAS Lite Survey,gates_gems_huas
EUPATH_0015139,VIDA Case Control,gates_vida
EUPATH_0015140,GEMS1 Case Control,gates_gems
EUPATH_0015140,GEMS1A Case Control,gates_gems1a
EUPATH_0015140,GEMS1 HUAS/HUAS Lite Survey,gates_gems_huas
EUPATH_0015140,VIDA Case Control,gates_vida
EUPATH_0015141,GEMS1 Case Control,gates_gems
EUPATH_0015141,GEMS1A Case Control,gates_gems1a
EUPATH_0015141,VIDA Case Control,gates_vida
EUPATH_0015142,GEMS1 Case Control,gates_gems
EUPATH_0015142,GEMS1A Case Control,gates_gems1a
EUPATH_0015143,GEMS1 Case Control,gates_gems
EUPATH_0015143,GEMS1A Case Control,gates_gems1a
EUPATH_0015143,VIDA Case Control,gates_vida
EUPATH_0015144,GEMS1 Case Control,gates_gems
EUPATH_0015144,GEMS1A Case Control,gates_gems1a
EUPATH_0015144,VIDA Case Control,gates_vida
EUPATH_0015145,GEMS1 Case Control,gates_gems
EUPATH_0015145,GEMS1A Case Control,gates_gems1a
EUPATH_0015145,VIDA Case Control,gates_vida
EUPATH_0015146,GEMS1 Case Control,gates_gems
EUPATH_0015146,GEMS1A Case Control,gates_gems1a
EUPATH_0015146,VIDA Case Control,gates_vida
EUPATH_0015147,GEMS1 Case Control,gates_gems
EUPATH_0015147,GEMS1A Case Control,gates_gems1a
EUPATH_0015147,VIDA Case Control,gates_vida
EUPATH_0015148,GEMS1 Case Control,gates_gems
EUPATH_0015148,GEMS1A Case Control,gates_gems1a
EUPATH_0015148,VIDA Case Control,gates_vida
EUPATH_0015149,GEMS1 Case Control,gates_gems
EUPATH_0015149,GEMS1A Case Control,gates_gems1a
EUPATH_0015149,VIDA Case Control,gates_vida
EUPATH_0015150,GEMS1 Case Control,gates_gems
EUPATH_0015150,GEMS1A Case Control,gates_gems1a
EUPATH_0015150,VIDA Case Control,gates_vida
EUPATH_0015151,GEMS1 Case Control,gates_gems
EUPATH_0015151,GEMS1A Case Control,gates_gems1a
EUPATH_0015151,VIDA Case Control,gates_vida
EUPATH_0015152,GEMS1 Case Control,gates_gems
EUPATH_0015152,GEMS1A Case Control,gates_gems1a
EUPATH_0015152,VIDA Case Control,gates_vida
EUPATH_0015153,GEMS1 Case Control,gates_gems
EUPATH_0015153,GEMS1A Case Control,gates_gems1a
EUPATH_0015153,VIDA Case Control,gates_vida
EUPATH_0015154,GEMS1 Case Control,gates_gems
EUPATH_0015154,GEMS1A Case Control,gates_gems1a
EUPATH_0015154,VIDA Case Control,gates_vida
EUPATH_0015155,GEMS1 Case Control,gates_gems
EUPATH_0015155,GEMS1A Case Control,gates_gems1a
EUPATH_0015155,GEMS1 HUAS/HUAS Lite Survey,gates_gems_huas
EUPATH_0015155,VIDA Case Control,gates_vida
EUPATH_0015156,GEMS1 Case Control,gates_gems
EUPATH_0015156,GEMS1A Case Control,gates_gems1a
EUPATH_0015156,VIDA Case Control,gates_vida
EUPATH_0015157,GEMS1 Case Control,gates_gems
EUPATH_0015157,GEMS1A Case Control,gates_gems1a
EUPATH_0015157,VIDA Case Control,gates_vida
EUPATH_0015158,GEMS1 Case Control,gates_gems
EUPATH_0015158,GEMS1A Case Control,gates_gems1a
EUPATH_0015158,VIDA Case Control,gates_vida
EUPATH_0015161,GEMS1 Case Control,gates_gems
EUPATH_0015161,GEMS1A Case Control,gates_gems1a
EUPATH_0015161,VIDA Case Control,gates_vida
EUPATH_0015162,GEMS1 Case Control,gates_gems
EUPATH_0015162,GEMS1A Case Control,gates_gems1a
EUPATH_0015162,VIDA Case Control,gates_vida
EUPATH_0015163,GEMS1 Case Control,gates_gems
EUPATH_0015163,GEMS1A Case Control,gates_gems1a
EUPATH_0015163,VIDA Case Control,gates_vida
EUPATH_0015164,GEMS1 Case Control,gates_gems
EUPATH_0015164,GEMS1A Case Control,gates_gems1a
EUPATH_0015165,GEMS1 Case Control,gates_gems
EUPATH_0015165,GEMS1A Case Control,gates_gems1a
EUPATH_0015165,VIDA Case Control,gates_vida
EUPATH_0015166,GEMS1 Case Control,gates_gems
EUPATH_0015166,GEMS1A Case Control,gates_gems1a
EUPATH_0015166,VIDA Case Control,gates_vida
EUPATH_0015167,GEMS1 Case Control,gates_gems
EUPATH_0015167,GEMS1A Case Control,gates_gems1a
EUPATH_0015167,VIDA Case Control,gates_vida
EUPATH_0015168,GEMS1 Case Control,gates_gems
EUPATH_0015168,GEMS1A Case Control,gates_gems1a
EUPATH_0015168,VIDA Case Control,gates_vida
EUPATH_0015169,GEMS1 Case Control,gates_gems
EUPATH_0015169,GEMS1A Case Control,gates_gems1a
EUPATH_0015169,VIDA Case Control,gates_vida
EUPATH_0015170,GEMS1 Case Control,gates_gems
EUPATH_0015170,GEMS1A Case Control,gates_gems1a
EUPATH_0015170,VIDA Case Control,gates_vida
EUPATH_0015171,GEMS1 Case Control,gates_gems
EUPATH_0015171,GEMS1A Case Control,gates_gems1a
EUPATH_0015171,VIDA Case Control,gates_vida
EUPATH_0015172,GEMS1 Case Control,gates_gems
EUPATH_0015172,GEMS1A Case Control,gates_gems1a
EUPATH_0015172,VIDA Case Control,gates_vida
EUPATH_0015173,GEMS1 Case Control,gates_gems
EUPATH_0015173,GEMS1A Case Control,gates_gems1a
EUPATH_0015173,VIDA Case Control,gates_vida
EUPATH_0015174,GEMS1 Case Control,gates_gems
EUPATH_0015174,GEMS1A Case Control,gates_gems1a
EUPATH_0015174,VIDA Case Control,gates_vida
EUPATH_0015175,GEMS1 Case Control,gates_gems
EUPATH_0015175,GEMS1A Case Control,gates_gems1a
EUPATH_0015175,VIDA Case Control,gates_vida
EUPATH_0015176,GEMS1 Case Control,gates_gems
EUPATH_0015176,GEMS1A Case Control,gates_gems1a
EUPATH_0015176,VIDA Case Control,gates_vida
EUPATH_0015177,GEMS1 Case Control,gates_gems
EUPATH_0015177,GEMS1A Case Control,gates_gems1a
EUPATH_0015177,VIDA Case Control,gates_vida
EUPATH_0015178,GEMS1 Case Control,gates_gems
EUPATH_0015178,GEMS1A Case Control,gates_gems1a
EUPATH_0015178,VIDA Case Control,gates_vida
EUPATH_0015179,GEMS1 Case Control,gates_gems
EUPATH_0015179,GEMS1A Case Control,gates_gems1a
EUPATH_0015179,VIDA Case Control,gates_vida
EUPATH_0015180,GEMS1 Case Control,gates_gems
EUPATH_0015180,GEMS1A Case Control,gates_gems1a
EUPATH_0015180,VIDA Case Control,gates_vida
EUPATH_0015183,GEMS1 Case Control,gates_gems
EUPATH_0015183,GEMS1A Case Control,gates_gems1a
EUPATH_0015183,VIDA Case Control,gates_vida
EUPATH_0015184,GEMS1 Case Control,gates_gems
EUPATH_0015184,GEMS1A Case Control,gates_gems1a
EUPATH_0015185,GEMS1 Case Control,gates_gems
EUPATH_0015185,GEMS1A Case Control,gates_gems1a
EUPATH_0015185,Amazonia ICEMR Brazil Cohort,icemr_amazonia_brazil
EUPATH_0015186,GEMS1 Case Control,gates_gems
EUPATH_0015186,GEMS1A Case Control,gates_gems1a
EUPATH_0015187,GEMS1 Case Control,gates_gems
EUPATH_0015187,GEMS1A Case Control,gates_gems1a
EUPATH_0015187,VIDA Case Control,gates_vida
EUPATH_0015188,GEMS1 Case Control,gates_gems
EUPATH_0015188,GEMS1A Case Control,gates_gems1a
EUPATH_0015188,VIDA Case Control,gates_vida
EUPATH_0015189,GEMS1 Case Control,gates_gems
EUPATH_0015189,GEMS1A Case Control,gates_gems1a
EUPATH_0015189,VIDA Case Control,gates_vida
EUPATH_0015190,GEMS1 Case Control,gates_gems
EUPATH_0015190,GEMS1A Case Control,gates_gems1a
EUPATH_0015191,GEMS1 Case Control,gates_gems
EUPATH_0015191,GEMS1A Case Control,gates_gems1a
EUPATH_0015191,VIDA Case Control,gates_vida
EUPATH_0015192,GEMS1 Case Control,gates_gems
EUPATH_0015192,GEMS1A Case Control,gates_gems1a
EUPATH_0015192,VIDA Case Control,gates_vida
EUPATH_0015193,GEMS1 Case Control,gates_gems
EUPATH_0015193,GEMS1A Case Control,gates_gems1a
EUPATH_0015193,VIDA Case Control,gates_vida
EUPATH_0015194,GEMS1 Case Control,gates_gems
EUPATH_0015194,GEMS1A Case Control,gates_gems1a
EUPATH_0015194,VIDA Case Control,gates_vida
EUPATH_0015195,GEMS1 Case Control,gates_gems
EUPATH_0015195,GEMS1A Case Control,gates_gems1a
EUPATH_0015195,VIDA Case Control,gates_vida
EUPATH_0015196,GEMS1 Case Control,gates_gems
EUPATH_0015196,GEMS1A Case Control,gates_gems1a
EUPATH_0015196,VIDA Case Control,gates_vida
EUPATH_0015197,GEMS1 Case Control,gates_gems
EUPATH_0015197,GEMS1A Case Control,gates_gems1a
EUPATH_0015197,VIDA Case Control,gates_vida
EUPATH_0015198,GEMS1 Case Control,gates_gems
EUPATH_0015198,GEMS1A Case Control,gates_gems1a
EUPATH_0015198,VIDA Case Control,gates_vida
EUPATH_0015199,GEMS1 Case Control,gates_gems
EUPATH_0015199,GEMS1A Case Control,gates_gems1a
EUPATH_0015199,VIDA Case Control,gates_vida
EUPATH_0015200,GEMS1 Case Control,gates_gems
EUPATH_0015200,GEMS1A Case Control,gates_gems1a
EUPATH_0015200,VIDA Case Control,gates_vida
EUPATH_0015201,GEMS1 Case Control,gates_gems
EUPATH_0015201,GEMS1A Case Control,gates_gems1a
EUPATH_0015201,VIDA Case Control,gates_vida
EUPATH_0015202,GEMS1 Case Control,gates_gems
EUPATH_0015202,GEMS1A Case Control,gates_gems1a
EUPATH_0015202,VIDA Case Control,gates_vida
EUPATH_0015203,GEMS1 Case Control,gates_gems
EUPATH_0015203,GEMS1A Case Control,gates_gems1a
EUPATH_0015203,VIDA Case Control,gates_vida
EUPATH_0015204,GEMS1 Case Control,gates_gems
EUPATH_0015204,GEMS1A Case Control,gates_gems1a
EUPATH_0015204,VIDA Case Control,gates_vida
EUPATH_0015205,GEMS1 Case Control,gates_gems
EUPATH_0015205,GEMS1A Case Control,gates_gems1a
EUPATH_0015205,VIDA Case Control,gates_vida
EUPATH_0015206,GEMS1 Case Control,gates_gems
EUPATH_0015206,GEMS1A Case Control,gates_gems1a
EUPATH_0015206,VIDA Case Control,gates_vida
EUPATH_0015209,GEMS1 Case Control,gates_gems
EUPATH_0015209,GEMS1A Case Control,gates_gems1a
EUPATH_0015209,VIDA Case Control,gates_vida
EUPATH_0015217,GEMS1 Case Control,gates_gems
EUPATH_0015217,GEMS1A Case Control,gates_gems1a
EUPATH_0015217,MAL-ED 0-60m Cohort,gates_maled
EUPATH_0015217,PROVIDE Randomized Controlled Trial,gates_provide
EUPATH_0015218,GEMS1 Case Control,gates_gems
EUPATH_0015218,GEMS1A Case Control,gates_gems1a
EUPATH_0015220,GEMS1 Case Control,gates_gems
EUPATH_0015220,GEMS1A Case Control,gates_gems1a
EUPATH_0015221,GEMS1 Case Control,gates_gems
EUPATH_0015221,GEMS1A Case Control,gates_gems1a
EUPATH_0015222,GEMS1 Case Control,gates_gems
EUPATH_0015222,GEMS1A Case Control,gates_gems1a
EUPATH_0015223,GEMS1 Case Control,gates_gems
EUPATH_0015223,GEMS1A Case Control,gates_gems1a
EUPATH_0015224,GEMS1 Case Control,gates_gems
EUPATH_0015224,GEMS1A Case Control,gates_gems1a
EUPATH_0015225,GEMS1 Case Control,gates_gems
EUPATH_0015225,GEMS1A Case Control,gates_gems1a
EUPATH_0015226,GEMS1 Case Control,gates_gems
EUPATH_0015226,GEMS1A Case Control,gates_gems1a
EUPATH_0015227,GEMS1 Case Control,gates_gems
EUPATH_0015227,GEMS1A Case Control,gates_gems1a
EUPATH_0015228,GEMS1 Case Control,gates_gems
EUPATH_0015228,GEMS1A Case Control,gates_gems1a
EUPATH_0015229,GEMS1 Case Control,gates_gems
EUPATH_0015229,GEMS1A Case Control,gates_gems1a
EUPATH_0015230,GEMS1 Case Control,gates_gems
EUPATH_0015230,GEMS1A Case Control,gates_gems1a
EUPATH_0015231,GEMS1 Case Control,gates_gems
EUPATH_0015231,GEMS1A Case Control,gates_gems1a
EUPATH_0015232,GEMS1 Case Control,gates_gems
EUPATH_0015232,GEMS1A Case Control,gates_gems1a
EUPATH_0015233,GEMS1 Case Control,gates_gems
EUPATH_0015233,GEMS1A Case Control,gates_gems1a
EUPATH_0015233,VIDA Case Control,gates_vida
EUPATH_0015234,GEMS1 Case Control,gates_gems
EUPATH_0015234,GEMS1A Case Control,gates_gems1a
EUPATH_0015234,VIDA Case Control,gates_vida
EUPATH_0015235,GEMS1 Case Control,gates_gems
EUPATH_0015235,GEMS1A Case Control,gates_gems1a
EUPATH_0015235,VIDA Case Control,gates_vida
EUPATH_0015236,GEMS1 Case Control,gates_gems
EUPATH_0015236,GEMS1A Case Control,gates_gems1a
EUPATH_0015236,VIDA Case Control,gates_vida
EUPATH_0015237,GEMS1 Case Control,gates_gems
EUPATH_0015237,GEMS1A Case Control,gates_gems1a
EUPATH_0015237,VIDA Case Control,gates_vida
EUPATH_0015238,GEMS1 Case Control,gates_gems
EUPATH_0015238,GEMS1A Case Control,gates_gems1a
EUPATH_0015238,VIDA Case Control,gates_vida
EUPATH_0015239,GEMS1 Case Control,gates_gems
EUPATH_0015239,GEMS1A Case Control,gates_gems1a
EUPATH_0015239,VIDA Case Control,gates_vida
EUPATH_0015240,GEMS1 Case Control,gates_gems
EUPATH_0015240,GEMS1A Case Control,gates_gems1a
EUPATH_0015240,VIDA Case Control,gates_vida
EUPATH_0015242,GEMS1 Case Control,gates_gems
EUPATH_0015242,GEMS1A Case Control,gates_gems1a
EUPATH_0015242,VIDA Case Control,gates_vida
EUPATH_0015244,GEMS1 Case Control,gates_gems
EUPATH_0015244,GEMS1A Case Control,gates_gems1a
EUPATH_0015244,VIDA Case Control,gates_vida
EUPATH_0015245,GEMS1 Case Control,gates_gems
EUPATH_0015245,GEMS1A Case Control,gates_gems1a
EUPATH_0015245,VIDA Case Control,gates_vida
EUPATH_0015246,GEMS1 Case Control,gates_gems
EUPATH_0015246,GEMS1A Case Control,gates_gems1a
EUPATH_0015246,VIDA Case Control,gates_vida
EUPATH_0015247,GAMIN RCT,gates_gamin
EUPATH_0015247,GEMS1 Case Control,gates_gems
EUPATH_0015247,GEMS1A Case Control,gates_gems1a
EUPATH_0015248,GEMS1 Case Control,gates_gems
EUPATH_0015248,GEMS1A Case Control,gates_gems1a
EUPATH_0015249,GEMS1 Case Control,gates_gems
EUPATH_0015249,GEMS1A Case Control,gates_gems1a
EUPATH_0015250,GAMIN RCT,gates_gamin
EUPATH_0015250,GEMS1 Case Control,gates_gems
EUPATH_0015250,GEMS1A Case Control,gates_gems1a
EUPATH_0015251,GAMIN RCT,gates_gamin
EUPATH_0015251,GEMS1 Case Control,gates_gems
EUPATH_0015251,GEMS1A Case Control,gates_gems1a
EUPATH_0015258,GEMS1 Case Control,gates_gems
EUPATH_0015258,GEMS1A Case Control,gates_gems1a
EUPATH_0015259,GEMS1 Case Control,gates_gems
EUPATH_0015259,GEMS1A Case Control,gates_gems1a
EUPATH_0015260,GEMS1 Case Control,gates_gems
EUPATH_0015260,GEMS1A Case Control,gates_gems1a
EUPATH_0015261,GEMS1 Case Control,gates_gems
EUPATH_0015261,GEMS1A Case Control,gates_gems1a
EUPATH_0015262,GEMS1 Case Control,gates_gems
EUPATH_0015262,GEMS1A Case Control,gates_gems1a
EUPATH_0015263,GEMS1 Case Control,gates_gems
EUPATH_0015263,GEMS1A Case Control,gates_gems1a
EUPATH_0015264,GEMS1 Case Control,gates_gems
EUPATH_0015264,GEMS1A Case Control,gates_gems1a
EUPATH_0015265,GEMS1 Case Control,gates_gems
EUPATH_0015265,GEMS1A Case Control,gates_gems1a
EUPATH_0015266,GEMS1 Case Control,gates_gems
EUPATH_0015266,GEMS1A Case Control,gates_gems1a
EUPATH_0015267,GEMS1 Case Control,gates_gems
EUPATH_0015267,GEMS1A Case Control,gates_gems1a
EUPATH_0015268,GEMS1 Case Control,gates_gems
EUPATH_0015268,GEMS1A Case Control,gates_gems1a
EUPATH_0015269,GEMS1 Case Control,gates_gems
EUPATH_0015269,GEMS1A Case Control,gates_gems1a
EUPATH_0015270,GEMS1 Case Control,gates_gems
EUPATH_0015270,GEMS1A Case Control,gates_gems1a
EUPATH_0015271,GEMS1 Case Control,gates_gems
EUPATH_0015271,GEMS1A Case Control,gates_gems1a
EUPATH_0015272,GEMS1 Case Control,gates_gems
EUPATH_0015272,GEMS1A Case Control,gates_gems1a
EUPATH_0015273,GEMS1 Case Control,gates_gems
EUPATH_0015273,GEMS1A Case Control,gates_gems1a
EUPATH_0015274,GEMS1 Case Control,gates_gems
EUPATH_0015274,GEMS1A Case Control,gates_gems1a
EUPATH_0015275,GEMS1 Case Control,gates_gems
EUPATH_0015275,GEMS1A Case Control,gates_gems1a
EUPATH_0015276,GEMS1 Case Control,gates_gems
EUPATH_0015276,GEMS1A Case Control,gates_gems1a
EUPATH_0015277,GEMS1 Case Control,gates_gems
EUPATH_0015277,GEMS1A Case Control,gates_gems1a
EUPATH_0015278,GEMS1 Case Control,gates_gems
EUPATH_0015278,GEMS1A Case Control,gates_gems1a
EUPATH_0015279,GEMS1 Case Control,gates_gems
EUPATH_0015279,GEMS1A Case Control,gates_gems1a
EUPATH_0015280,GEMS1 Case Control,gates_gems
EUPATH_0015280,GEMS1A Case Control,gates_gems1a
EUPATH_0015282,GEMS1 Case Control,gates_gems
EUPATH_0015282,GEMS1A Case Control,gates_gems1a
EUPATH_0015283,GEMS1 Case Control,gates_gems
EUPATH_0015283,GEMS1A Case Control,gates_gems1a
EUPATH_0015284,GEMS1 Case Control,gates_gems
EUPATH_0015284,GEMS1A Case Control,gates_gems1a
EUPATH_0015285,GEMS1 Case Control,gates_gems
EUPATH_0015285,GEMS1A Case Control,gates_gems1a
EUPATH_0015286,GEMS1 Case Control,gates_gems
EUPATH_0015286,GEMS1A Case Control,gates_gems1a
EUPATH_0015288,GEMS1 Case Control,gates_gems
EUPATH_0015288,GEMS1A Case Control,gates_gems1a
EUPATH_0015289,GEMS1 Case Control,gates_gems
EUPATH_0015289,GEMS1A Case Control,gates_gems1a
EUPATH_0015290,GEMS1 Case Control,gates_gems
EUPATH_0015290,GEMS1A Case Control,gates_gems1a
EUPATH_0015291,GEMS1 Case Control,gates_gems
EUPATH_0015292,GEMS1 Case Control,gates_gems
EUPATH_0015293,GEMS1 Case Control,gates_gems
EUPATH_0015293,GEMS1A Case Control,gates_gems1a
EUPATH_0015294,GEMS1 Case Control,gates_gems
EUPATH_0015294,GEMS1A Case Control,gates_gems1a
EUPATH_0015295,GEMS1 Case Control,gates_gems
EUPATH_0015295,GEMS1A Case Control,gates_gems1a
EUPATH_0015296,GEMS1 Case Control,gates_gems
EUPATH_0015296,GEMS1A Case Control,gates_gems1a
EUPATH_0015298,GEMS1 Case Control,gates_gems
EUPATH_0015298,GEMS1A Case Control,gates_gems1a
EUPATH_0015299,GEMS1 Case Control,gates_gems
EUPATH_0015299,GEMS1A Case Control,gates_gems1a
EUPATH_0015300,GEMS1 Case Control,gates_gems
EUPATH_0015300,GEMS1A Case Control,gates_gems1a
EUPATH_0015301,GEMS1 Case Control,gates_gems
EUPATH_0015301,GEMS1A Case Control,gates_gems1a
EUPATH_0015302,GEMS1 Case Control,gates_gems
EUPATH_0015302,GEMS1A Case Control,gates_gems1a
EUPATH_0015303,GEMS1 Case Control,gates_gems
EUPATH_0015303,GEMS1A Case Control,gates_gems1a
EUPATH_0015304,GEMS1 Case Control,gates_gems
EUPATH_0015304,GEMS1A Case Control,gates_gems1a
EUPATH_0015305,GEMS1 Case Control,gates_gems
EUPATH_0015305,GEMS1A Case Control,gates_gems1a
EUPATH_0015306,GEMS1 Case Control,gates_gems
EUPATH_0015306,GEMS1A Case Control,gates_gems1a
EUPATH_0015309,GEMS1 Case Control,gates_gems
EUPATH_0015309,GEMS1A Case Control,gates_gems1a
EUPATH_0015312,GEMS1 Case Control,gates_gems
EUPATH_0015312,GEMS1A Case Control,gates_gems1a
EUPATH_0015313,GEMS1 Case Control,gates_gems
EUPATH_0015313,GEMS1A Case Control,gates_gems1a
EUPATH_0015314,GEMS1 Case Control,gates_gems
EUPATH_0015314,GEMS1A Case Control,gates_gems1a
EUPATH_0015315,GEMS1 Case Control,gates_gems
EUPATH_0015315,GEMS1A Case Control,gates_gems1a
EUPATH_0015316,GEMS1 Case Control,gates_gems
EUPATH_0015316,GEMS1A Case Control,gates_gems1a
EUPATH_0015317,GEMS1 Case Control,gates_gems
EUPATH_0015317,GEMS1A Case Control,gates_gems1a
EUPATH_0015318,GEMS1 Case Control,gates_gems
EUPATH_0015318,GEMS1A Case Control,gates_gems1a
EUPATH_0015318,MAL-ED 0-60m Cohort,gates_maled
EUPATH_0015319,GEMS1 Case Control,gates_gems
EUPATH_0015319,GEMS1A Case Control,gates_gems1a
EUPATH_0015320,GEMS1 Case Control,gates_gems
EUPATH_0015320,GEMS1A Case Control,gates_gems1a
EUPATH_0015321,GEMS1 Case Control,gates_gems
EUPATH_0015321,GEMS1A Case Control,gates_gems1a
EUPATH_0015322,GEMS1 Case Control,gates_gems
EUPATH_0015322,GEMS1A Case Control,gates_gems1a
EUPATH_0015323,GEMS1 Case Control,gates_gems
EUPATH_0015323,GEMS1A Case Control,gates_gems1a
EUPATH_0015324,GEMS1 Case Control,gates_gems
EUPATH_0015324,GEMS1A Case Control,gates_gems1a
EUPATH_0015325,GEMS1 Case Control,gates_gems
EUPATH_0015325,GEMS1A Case Control,gates_gems1a
EUPATH_0015326,GEMS1 Case Control,gates_gems
EUPATH_0015326,GEMS1A Case Control,gates_gems1a
EUPATH_0015327,GEMS1 Case Control,gates_gems
EUPATH_0015327,GEMS1A Case Control,gates_gems1a
EUPATH_0015328,GEMS1 Case Control,gates_gems
EUPATH_0015328,GEMS1A Case Control,gates_gems1a
EUPATH_0015329,GEMS1 Case Control,gates_gems
EUPATH_0015329,GEMS1A Case Control,gates_gems1a
EUPATH_0015330,GEMS1 Case Control,gates_gems
EUPATH_0015330,MAL-ED 0-60m Cohort,gates_maled
EUPATH_0015330,PROVIDE Randomized Controlled Trial,gates_provide
EUPATH_0015331,GEMS1 Case Control,gates_gems
EUPATH_0015331,MAL-ED 0-60m Cohort,gates_maled
EUPATH_0015331,PROVIDE Randomized Controlled Trial,gates_provide
EUPATH_0015332,GEMS1 Case Control,gates_gems
EUPATH_0015332,MAL-ED 0-60m Cohort,gates_maled
EUPATH_0015332,PROVIDE Randomized Controlled Trial,gates_provide
EUPATH_0015333,GEMS1 Case Control,gates_gems
EUPATH_0015333,MAL-ED 0-60m Cohort,gates_maled
EUPATH_0015333,PROVIDE Randomized Controlled Trial,gates_provide
EUPATH_0015334,GEMS1 Case Control,gates_gems
EUPATH_0015334,MAL-ED 0-60m Cohort,gates_maled
EUPATH_0015334,PROVIDE Randomized Controlled Trial,gates_provide
EUPATH_0015335,GEMS1 Case Control,gates_gems
EUPATH_0015335,MAL-ED 0-60m Cohort,gates_maled
EUPATH_0015335,PROVIDE Randomized Controlled Trial,gates_provide
EUPATH_0015337,GEMS1 Case Control,gates_gems
EUPATH_0015337,MAL-ED 0-60m Cohort,gates_maled
EUPATH_0015337,PROVIDE Randomized Controlled Trial,gates_provide
EUPATH_0015338,GEMS1 Case Control,gates_gems
EUPATH_0015338,MAL-ED 0-60m Cohort,gates_maled
EUPATH_0015338,PROVIDE Randomized Controlled Trial,gates_provide
EUPATH_0015339,GEMS1 Case Control,gates_gems
EUPATH_0015340,GEMS1 Case Control,gates_gems
EUPATH_0015341,GEMS1 Case Control,gates_gems
EUPATH_0015341,MAL-ED 0-60m Cohort,gates_maled
EUPATH_0015341,PROVIDE Randomized Controlled Trial,gates_provide
EUPATH_0015342,GEMS1 Case Control,gates_gems
EUPATH_0015342,MAL-ED 0-60m Cohort,gates_maled
EUPATH_0015342,PROVIDE Randomized Controlled Trial,gates_provide
EUPATH_0015343,GEMS1 Case Control,gates_gems
EUPATH_0015343,MAL-ED 0-60m Cohort,gates_maled
EUPATH_0015343,PROVIDE Randomized Controlled Trial,gates_provide
EUPATH_0015344,GEMS1 Case Control,gates_gems
EUPATH_0015344,MAL-ED 0-60m Cohort,gates_maled
EUPATH_0015344,PROVIDE Randomized Controlled Trial,gates_provide
EUPATH_0015345,GEMS1 Case Control,gates_gems
EUPATH_0015345,MAL-ED 0-60m Cohort,gates_maled
EUPATH_0015345,PROVIDE Randomized Controlled Trial,gates_provide
EUPATH_0015346,GEMS1 Case Control,gates_gems
EUPATH_0015346,MAL-ED 0-60m Cohort,gates_maled
EUPATH_0015346,PROVIDE Randomized Controlled Trial,gates_provide
EUPATH_0015348,GEMS1 Case Control,gates_gems
EUPATH_0015348,MAL-ED 0-60m Cohort,gates_maled
EUPATH_0015348,PROVIDE Randomized Controlled Trial,gates_provide
EUPATH_0015349,GEMS1 Case Control,gates_gems
EUPATH_0015349,MAL-ED 0-60m Cohort,gates_maled
EUPATH_0015349,PROVIDE Randomized Controlled Trial,gates_provide
EUPATH_0015350,GEMS1 Case Control,gates_gems
EUPATH_0015350,MAL-ED 0-60m Cohort,gates_maled
EUPATH_0015350,PROVIDE Randomized Controlled Trial,gates_provide
EUPATH_0015351,GEMS1 Case Control,gates_gems
EUPATH_0015351,MAL-ED 0-60m Cohort,gates_maled
EUPATH_0015351,PROVIDE Randomized Controlled Trial,gates_provide
EUPATH_0015352,GEMS1 Case Control,gates_gems
EUPATH_0015352,MAL-ED 0-60m Cohort,gates_maled
EUPATH_0015352,PROVIDE Randomized Controlled Trial,gates_provide
EUPATH_0015353,GEMS1 Case Control,gates_gems
EUPATH_0015353,MAL-ED 0-60m Cohort,gates_maled
EUPATH_0015353,PROVIDE Randomized Controlled Trial,gates_provide
EUPATH_0015355,GEMS1 Case Control,gates_gems
EUPATH_0015355,MAL-ED 0-60m Cohort,gates_maled
EUPATH_0015355,PROVIDE Randomized Controlled Trial,gates_provide
EUPATH_0015356,GEMS1 Case Control,gates_gems
EUPATH_0015356,MAL-ED 0-60m Cohort,gates_maled
EUPATH_0015356,PROVIDE Randomized Controlled Trial,gates_provide
EUPATH_0015357,GEMS1 Case Control,gates_gems
EUPATH_0015357,MAL-ED 0-60m Cohort,gates_maled
EUPATH_0015357,PROVIDE Randomized Controlled Trial,gates_provide
EUPATH_0015358,GEMS1 Case Control,gates_gems
EUPATH_0015358,MAL-ED 0-60m Cohort,gates_maled
EUPATH_0015358,PROVIDE Randomized Controlled Trial,gates_provide
EUPATH_0015359,GEMS1 Case Control,gates_gems
EUPATH_0015359,MAL-ED 0-60m Cohort,gates_maled
EUPATH_0015359,PROVIDE Randomized Controlled Trial,gates_provide
EUPATH_0015360,GEMS1 Case Control,gates_gems
EUPATH_0015360,MAL-ED 0-60m Cohort,gates_maled
EUPATH_0015360,PROVIDE Randomized Controlled Trial,gates_provide
EUPATH_0015361,GEMS1 Case Control,gates_gems
EUPATH_0015361,MAL-ED 0-60m Cohort,gates_maled
EUPATH_0015361,PROVIDE Randomized Controlled Trial,gates_provide
EUPATH_0015362,GEMS1 Case Control,gates_gems
EUPATH_0015362,MAL-ED 0-60m Cohort,gates_maled
EUPATH_0015362,PROVIDE Randomized Controlled Trial,gates_provide
EUPATH_0015363,GEMS1 Case Control,gates_gems
EUPATH_0015363,MAL-ED 0-60m Cohort,gates_maled
EUPATH_0015363,PROVIDE Randomized Controlled Trial,gates_provide
EUPATH_0015364,GEMS1 Case Control,gates_gems
EUPATH_0015364,MAL-ED 0-60m Cohort,gates_maled
EUPATH_0015364,PROVIDE Randomized Controlled Trial,gates_provide
EUPATH_0015365,GEMS1 Case Control,gates_gems
EUPATH_0015365,MAL-ED 0-60m Cohort,gates_maled
EUPATH_0015365,PROVIDE Randomized Controlled Trial,gates_provide
EUPATH_0015366,GEMS1 Case Control,gates_gems
EUPATH_0015366,MAL-ED 0-60m Cohort,gates_maled
EUPATH_0015366,PROVIDE Randomized Controlled Trial,gates_provide
EUPATH_0015367,GEMS1 Case Control,gates_gems
EUPATH_0015367,PROVIDE Randomized Controlled Trial,gates_provide
EUPATH_0015368,GEMS1 Case Control,gates_gems
EUPATH_0015368,MAL-ED 0-60m Cohort,gates_maled
EUPATH_0015368,PROVIDE Randomized Controlled Trial,gates_provide
EUPATH_0015369,GEMS1 Case Control,gates_gems
EUPATH_0015369,MAL-ED 0-60m Cohort,gates_maled
EUPATH_0015369,PROVIDE Randomized Controlled Trial,gates_provide
EUPATH_0015370,GEMS1 Case Control,gates_gems
EUPATH_0015370,MAL-ED 0-60m Cohort,gates_maled
EUPATH_0015370,PROVIDE Randomized Controlled Trial,gates_provide
EUPATH_0015371,GEMS1 Case Control,gates_gems
EUPATH_0015371,MAL-ED 0-60m Cohort,gates_maled
EUPATH_0015371,PROVIDE Randomized Controlled Trial,gates_provide
EUPATH_0015372,GEMS1 Case Control,gates_gems
EUPATH_0015372,MAL-ED 0-60m Cohort,gates_maled
EUPATH_0015372,PROVIDE Randomized Controlled Trial,gates_provide
EUPATH_0015373,GEMS1 Case Control,gates_gems
EUPATH_0015373,MAL-ED 0-60m Cohort,gates_maled
EUPATH_0015373,PROVIDE Randomized Controlled Trial,gates_provide
EUPATH_0015374,GEMS1 Case Control,gates_gems
EUPATH_0015374,MAL-ED 0-60m Cohort,gates_maled
EUPATH_0015374,PROVIDE Randomized Controlled Trial,gates_provide
EUPATH_0015375,GEMS1 Case Control,gates_gems
EUPATH_0015375,PROVIDE Randomized Controlled Trial,gates_provide
EUPATH_0015376,GEMS1 Case Control,gates_gems
EUPATH_0015376,PROVIDE Randomized Controlled Trial,gates_provide
EUPATH_0015377,GEMS1 Case Control,gates_gems
EUPATH_0015377,MAL-ED 0-60m Cohort,gates_maled
EUPATH_0015377,PROVIDE Randomized Controlled Trial,gates_provide
EUPATH_0015378,GEMS1 Case Control,gates_gems
EUPATH_0015378,MAL-ED 0-60m Cohort,gates_maled
EUPATH_0015378,PROVIDE Randomized Controlled Trial,gates_provide
EUPATH_0015379,GEMS1 Case Control,gates_gems
EUPATH_0015379,MAL-ED 0-60m Cohort,gates_maled
EUPATH_0015379,PROVIDE Randomized Controlled Trial,gates_provide
EUPATH_0015380,GEMS1 Case Control,gates_gems
EUPATH_0015380,PROVIDE Randomized Controlled Trial,gates_provide
EUPATH_0015381,GEMS1 Case Control,gates_gems
EUPATH_0015381,MAL-ED 0-60m Cohort,gates_maled
EUPATH_0015381,PROVIDE Randomized Controlled Trial,gates_provide
EUPATH_0015382,GEMS1 Case Control,gates_gems
EUPATH_0015382,MAL-ED 0-60m Cohort,gates_maled
EUPATH_0015382,PROVIDE Randomized Controlled Trial,gates_provide
EUPATH_0015383,GEMS1 Case Control,gates_gems
EUPATH_0015383,MAL-ED 0-60m Cohort,gates_maled
EUPATH_0015383,PROVIDE Randomized Controlled Trial,gates_provide
EUPATH_0015384,GEMS1 Case Control,gates_gems
EUPATH_0015384,MAL-ED 0-60m Cohort,gates_maled
EUPATH_0015384,PROVIDE Randomized Controlled Trial,gates_provide
EUPATH_0015385,GEMS1 Case Control,gates_gems
EUPATH_0015385,MAL-ED 0-60m Cohort,gates_maled
EUPATH_0015385,PROVIDE Randomized Controlled Trial,gates_provide
EUPATH_0015386,GEMS1 Case Control,gates_gems
EUPATH_0015386,MAL-ED 0-60m Cohort,gates_maled
EUPATH_0015386,PROVIDE Randomized Controlled Trial,gates_provide
EUPATH_0015387,GEMS1 Case Control,gates_gems
EUPATH_0015387,MAL-ED 0-60m Cohort,gates_maled
EUPATH_0015387,PROVIDE Randomized Controlled Trial,gates_provide
EUPATH_0015388,GEMS1 Case Control,gates_gems
EUPATH_0015388,MAL-ED 0-60m Cohort,gates_maled
EUPATH_0015388,PROVIDE Randomized Controlled Trial,gates_provide
EUPATH_0015389,GEMS1 Case Control,gates_gems
EUPATH_0015389,MAL-ED 0-60m Cohort,gates_maled
EUPATH_0015390,GEMS1 Case Control,gates_gems
EUPATH_0015390,MAL-ED 0-60m Cohort,gates_maled
EUPATH_0015392,GEMS1 Case Control,gates_gems
EUPATH_0015392,MAL-ED 0-60m Cohort,gates_maled
EUPATH_0015393,GEMS1 Case Control,gates_gems
EUPATH_0015396,GEMS1 Case Control,gates_gems
EUPATH_0015397,GEMS1 Case Control,gates_gems
EUPATH_0015397,MAL-ED 0-60m Cohort,gates_maled
EUPATH_0015398,GEMS1 Case Control,gates_gems
EUPATH_0015398,MAL-ED 0-60m Cohort,gates_maled
EUPATH_0015401,GEMS1A Case Control,gates_gems1a
EUPATH_0015402,GEMS1A Case Control,gates_gems1a
EUPATH_0015403,GEMS1A Case Control,gates_gems1a
EUPATH_0015404,GEMS1A Case Control,gates_gems1a
EUPATH_0015405,GEMS1A Case Control,gates_gems1a
EUPATH_0015406,GEMS1A Case Control,gates_gems1a
EUPATH_0015407,GEMS1A Case Control,gates_gems1a
EUPATH_0015408,GEMS1A Case Control,gates_gems1a
EUPATH_0015409,GEMS1A Case Control,gates_gems1a
EUPATH_0015410,GEMS1A Case Control,gates_gems1a
EUPATH_0015411,GEMS1A Case Control,gates_gems1a
EUPATH_0015412,GEMS1A Case Control,gates_gems1a
EUPATH_0015413,GEMS1A Case Control,gates_gems1a
EUPATH_0015414,GEMS1A Case Control,gates_gems1a
EUPATH_0015415,GEMS1A Case Control,gates_gems1a
EUPATH_0015416,GEMS1A Case Control,gates_gems1a
EUPATH_0015417,GEMS1A Case Control,gates_gems1a
EUPATH_0015418,GEMS1A Case Control,gates_gems1a
EUPATH_0015419,GEMS1A Case Control,gates_gems1a
EUPATH_0015420,GEMS1A Case Control,gates_gems1a
EUPATH_0015421,GEMS1A Case Control,gates_gems1a
EUPATH_0015422,GEMS1A Case Control,gates_gems1a
EUPATH_0015422,VIDA Case Control,gates_vida
EUPATH_0015424,GEMS1A Case Control,gates_gems1a
EUPATH_0015425,GEMS1A Case Control,gates_gems1a
EUPATH_0015426,GEMS1A Case Control,gates_gems1a
EUPATH_0015427,GEMS1A Case Control,gates_gems1a
EUPATH_0015428,GEMS1A Case Control,gates_gems1a
EUPATH_0015428,VIDA Case Control,gates_vida
EUPATH_0015429,GEMS1A Case Control,gates_gems1a
EUPATH_0015430,GEMS1A Case Control,gates_gems1a
EUPATH_0015431,GEMS1A Case Control,gates_gems1a
EUPATH_0015432,GEMS1A Case Control,gates_gems1a
EUPATH_0015433,GEMS1A Case Control,gates_gems1a
EUPATH_0015433,VIDA Case Control,gates_vida
EUPATH_0015434,GEMS1A Case Control,gates_gems1a
EUPATH_0015435,GEMS1A Case Control,gates_gems1a
EUPATH_0015436,GEMS1A Case Control,gates_gems1a
EUPATH_0015437,GEMS1A Case Control,gates_gems1a
EUPATH_0015438,GEMS1A Case Control,gates_gems1a
EUPATH_0015440,GEMS1A Case Control,gates_gems1a
EUPATH_0015440,VIDA Case Control,gates_vida
EUPATH_0015441,GEMS1A Case Control,gates_gems1a
EUPATH_0015442,GEMS1A Case Control,gates_gems1a
EUPATH_0015443,GEMS1 Case Control,gates_gems
EUPATH_0015443,GEMS1A Case Control,gates_gems1a
EUPATH_0015444,GEMS1 Case Control,gates_gems
EUPATH_0015444,GEMS1A Case Control,gates_gems1a
EUPATH_0015445,GEMS1 Case Control,gates_gems
EUPATH_0015445,GEMS1A Case Control,gates_gems1a
EUPATH_0015446,GEMS1 Case Control,gates_gems
EUPATH_0015446,GEMS1A Case Control,gates_gems1a
EUPATH_0015447,GEMS1 Case Control,gates_gems
EUPATH_0015447,GEMS1A Case Control,gates_gems1a
EUPATH_0015448,GEMS1 Case Control,gates_gems
EUPATH_0015448,GEMS1A Case Control,gates_gems1a
EUPATH_0015449,GEMS1A Case Control,gates_gems1a
EUPATH_0015450,GEMS1A Case Control,gates_gems1a
EUPATH_0015452,GEMS1A Case Control,gates_gems1a
EUPATH_0015453,GEMS1A Case Control,gates_gems1a
EUPATH_0015454,GEMS1A Case Control,gates_gems1a
EUPATH_0015454,MAL-ED 0-60m Cohort,gates_maled
EUPATH_0015455,GEMS1A Case Control,gates_gems1a
EUPATH_0015456,GEMS1A Case Control,gates_gems1a
EUPATH_0015457,GANC,gates_ganc
EUPATH_0015457,mordor,gates_mordor
EUPATH_0015457,PROMOTE BC3 Cohort,general_promote
EUPATH_0015458,GEMS1A Case Control,gates_gems1a
EUPATH_0015460,GEMS1A Case Control,gates_gems1a
EUPATH_0015461,GEMS1A Case Control,gates_gems1a
EUPATH_0015462,GEMS1A Case Control,gates_gems1a
EUPATH_0015463,GEMS1A Case Control,gates_gems1a
EUPATH_0015464,GEMS1A Case Control,gates_gems1a
EUPATH_0015465,GEMS1 Case Control,gates_gems
EUPATH_0015465,GEMS1A Case Control,gates_gems1a
EUPATH_0015465,VIDA Case Control,gates_vida
EUPATH_0015466,GEMS1 Case Control,gates_gems
EUPATH_0015466,GEMS1A Case Control,gates_gems1a
EUPATH_0015466,VIDA Case Control,gates_vida
EUPATH_0015468,GEMS1A Case Control,gates_gems1a
EUPATH_0015468,MAL-ED 0-60m Cohort,gates_maled
EUPATH_0015469,GEMS1A HUAS Lite Survey,gates_gems1a_huas
EUPATH_0015469,GEMS1 HUAS/HUAS Lite Survey,gates_gems_huas
EUPATH_0015469,VIDA HUCS Gambia Mali,gates_vida_hucs_gambia_mali
EUPATH_0015469,VIDA HUCS Kenya,gates_vida_hucs_kenya
EUPATH_0015470,GEMS1 HUAS/HUAS Lite Survey,gates_gems_huas
EUPATH_0015471,GEMS1 HUAS/HUAS Lite Survey,gates_gems_huas
EUPATH_0015472,GEMS1 HUAS/HUAS Lite Survey,gates_gems_huas
EUPATH_0015473,GEMS1 HUAS/HUAS Lite Survey,gates_gems_huas
EUPATH_0015474,GEMS1 HUAS/HUAS Lite Survey,gates_gems_huas
EUPATH_0015475,GEMS1 HUAS/HUAS Lite Survey,gates_gems_huas
EUPATH_0015476,GEMS1 HUAS/HUAS Lite Survey,gates_gems_huas
EUPATH_0015477,GEMS1 HUAS/HUAS Lite Survey,gates_gems_huas
EUPATH_0015478,GEMS1 HUAS/HUAS Lite Survey,gates_gems_huas
EUPATH_0015479,GEMS1 HUAS/HUAS Lite Survey,gates_gems_huas
EUPATH_0015480,GEMS1 HUAS/HUAS Lite Survey,gates_gems_huas
EUPATH_0015481,GEMS1 HUAS/HUAS Lite Survey,gates_gems_huas
EUPATH_0015482,GEMS1 HUAS/HUAS Lite Survey,gates_gems_huas
EUPATH_0015483,GEMS1 HUAS/HUAS Lite Survey,gates_gems_huas
EUPATH_0015484,GEMS1 HUAS/HUAS Lite Survey,gates_gems_huas
EUPATH_0015485,GEMS1 HUAS/HUAS Lite Survey,gates_gems_huas
EUPATH_0015486,GEMS1 HUAS/HUAS Lite Survey,gates_gems_huas
EUPATH_0015487,GEMS1 HUAS/HUAS Lite Survey,gates_gems_huas
EUPATH_0015488,GEMS1 HUAS/HUAS Lite Survey,gates_gems_huas
EUPATH_0015489,GEMS1 HUAS/HUAS Lite Survey,gates_gems_huas
EUPATH_0015490,GEMS1 HUAS/HUAS Lite Survey,gates_gems_huas
EUPATH_0015491,GEMS1 HUAS/HUAS Lite Survey,gates_gems_huas
EUPATH_0015492,GEMS1 HUAS/HUAS Lite Survey,gates_gems_huas
EUPATH_0015493,GEMS1 HUAS/HUAS Lite Survey,gates_gems_huas
EUPATH_0015494,GEMS1 HUAS/HUAS Lite Survey,gates_gems_huas
EUPATH_0015495,GEMS1 HUAS/HUAS Lite Survey,gates_gems_huas
EUPATH_0015496,GEMS1 HUAS/HUAS Lite Survey,gates_gems_huas
EUPATH_0015497,GEMS1 HUAS/HUAS Lite Survey,gates_gems_huas
EUPATH_0015498,GEMS1 HUAS/HUAS Lite Survey,gates_gems_huas
EUPATH_0015499,GEMS1 HUAS/HUAS Lite Survey,gates_gems_huas
EUPATH_0015500,GEMS1 HUAS/HUAS Lite Survey,gates_gems_huas
EUPATH_0015501,GEMS1 HUAS/HUAS Lite Survey,gates_gems_huas
EUPATH_0015502,GEMS1 HUAS/HUAS Lite Survey,gates_gems_huas
EUPATH_0015503,GEMS1 HUAS/HUAS Lite Survey,gates_gems_huas
EUPATH_0015504,GEMS1 HUAS/HUAS Lite Survey,gates_gems_huas
EUPATH_0015505,GEMS1 HUAS/HUAS Lite Survey,gates_gems_huas
EUPATH_0015506,GEMS1 HUAS/HUAS Lite Survey,gates_gems_huas
EUPATH_0015507,GEMS1A HUAS Lite Survey,gates_gems1a_huas
EUPATH_0015507,GEMS1 HUAS/HUAS Lite Survey,gates_gems_huas
EUPATH_0015508,GEMS1A HUAS Lite Survey,gates_gems1a_huas
EUPATH_0015508,GEMS1 HUAS/HUAS Lite Survey,gates_gems_huas
EUPATH_0015509,GEMS1 HUAS/HUAS Lite Survey,gates_gems_huas
EUPATH_0015510,GEMS1 HUAS/HUAS Lite Survey,gates_gems_huas
EUPATH_0015511,GEMS1 HUAS/HUAS Lite Survey,gates_gems_huas
EUPATH_0015512,GEMS1 HUAS/HUAS Lite Survey,gates_gems_huas
EUPATH_0015513,GEMS1A HUAS Lite Survey,gates_gems1a_huas
EUPATH_0015513,GEMS1 HUAS/HUAS Lite Survey,gates_gems_huas
EUPATH_0015513,VIDA HUCS Gambia Mali,gates_vida_hucs_gambia_mali
EUPATH_0015513,VIDA HUCS Kenya,gates_vida_hucs_kenya
EUPATH_0015514,GEMS1A HUAS Lite Survey,gates_gems1a_huas
EUPATH_0015514,GEMS1 HUAS/HUAS Lite Survey,gates_gems_huas
EUPATH_0015514,VIDA HUCS Gambia Mali,gates_vida_hucs_gambia_mali
EUPATH_0015514,VIDA HUCS Kenya,gates_vida_hucs_kenya
EUPATH_0015515,GEMS1A HUAS Lite Survey,gates_gems1a_huas
EUPATH_0015515,GEMS1 HUAS/HUAS Lite Survey,gates_gems_huas
EUPATH_0015515,VIDA HUCS Gambia Mali,gates_vida_hucs_gambia_mali
EUPATH_0015515,VIDA HUCS Kenya,gates_vida_hucs_kenya
EUPATH_0015516,GEMS1A HUAS Lite Survey,gates_gems1a_huas
EUPATH_0015516,GEMS1 HUAS/HUAS Lite Survey,gates_gems_huas
EUPATH_0015516,VIDA HUCS Gambia Mali,gates_vida_hucs_gambia_mali
EUPATH_0015516,VIDA HUCS Kenya,gates_vida_hucs_kenya
EUPATH_0015517,GEMS1 HUAS/HUAS Lite Survey,gates_gems_huas
EUPATH_0015518,GEMS1 HUAS/HUAS Lite Survey,gates_gems_huas
EUPATH_0015519,VIDA HUCS Gambia Mali,gates_vida_hucs_gambia_mali
EUPATH_0015519,VIDA HUCS Kenya,gates_vida_hucs_kenya
EUPATH_0015520,GEMS1A HUAS Lite Survey,gates_gems1a_huas
EUPATH_0015520,GEMS1 HUAS/HUAS Lite Survey,gates_gems_huas
EUPATH_0015521,GEMS1A HUAS Lite Survey,gates_gems1a_huas
EUPATH_0015521,GEMS1 HUAS/HUAS Lite Survey,gates_gems_huas
EUPATH_0015522,GEMS1A HUAS Lite Survey,gates_gems1a_huas
EUPATH_0015522,GEMS1 HUAS/HUAS Lite Survey,gates_gems_huas
EUPATH_0015523,GEMS1A HUAS Lite Survey,gates_gems1a_huas
EUPATH_0015523,GEMS1 HUAS/HUAS Lite Survey,gates_gems_huas
EUPATH_0015524,GEMS1A HUAS Lite Survey,gates_gems1a_huas
EUPATH_0015524,GEMS1 HUAS/HUAS Lite Survey,gates_gems_huas
EUPATH_0015525,GEMS1A HUAS Lite Survey,gates_gems1a_huas
EUPATH_0015525,GEMS1 HUAS/HUAS Lite Survey,gates_gems_huas
EUPATH_0015526,GEMS1 HUAS/HUAS Lite Survey,gates_gems_huas
EUPATH_0015527,GEMS1A HUAS Lite Survey,gates_gems1a_huas
EUPATH_0015527,GEMS1 HUAS/HUAS Lite Survey,gates_gems_huas
EUPATH_0015528,GEMS1A HUAS Lite Survey,gates_gems1a_huas
EUPATH_0015528,GEMS1 HUAS/HUAS Lite Survey,gates_gems_huas
EUPATH_0015529,GEMS1A HUAS Lite Survey,gates_gems1a_huas
EUPATH_0015529,GEMS1 HUAS/HUAS Lite Survey,gates_gems_huas
EUPATH_0015530,GEMS1A HUAS Lite Survey,gates_gems1a_huas
EUPATH_0015530,GEMS1 HUAS/HUAS Lite Survey,gates_gems_huas
EUPATH_0015531,GEMS1 HUAS/HUAS Lite Survey,gates_gems_huas
EUPATH_0015532,GEMS1 HUAS/HUAS Lite Survey,gates_gems_huas
EUPATH_0015533,GEMS1 HUAS/HUAS Lite Survey,gates_gems_huas
EUPATH_0015534,GEMS1 HUAS/HUAS Lite Survey,gates_gems_huas
EUPATH_0015535,GEMS1 HUAS/HUAS Lite Survey,gates_gems_huas
EUPATH_0015536,GEMS1 HUAS/HUAS Lite Survey,gates_gems_huas
EUPATH_0015537,GEMS1 HUAS/HUAS Lite Survey,gates_gems_huas
EUPATH_0015538,GEMS1 HUAS/HUAS Lite Survey,gates_gems_huas
EUPATH_0015539,GEMS1 HUAS/HUAS Lite Survey,gates_gems_huas
EUPATH_0015540,GEMS1 HUAS/HUAS Lite Survey,gates_gems_huas
EUPATH_0015541,GEMS1 HUAS/HUAS Lite Survey,gates_gems_huas
EUPATH_0015542,GEMS1 HUAS/HUAS Lite Survey,gates_gems_huas
EUPATH_0015543,GEMS1 HUAS/HUAS Lite Survey,gates_gems_huas
EUPATH_0015544,GEMS1 HUAS/HUAS Lite Survey,gates_gems_huas
EUPATH_0015545,GEMS1 HUAS/HUAS Lite Survey,gates_gems_huas
EUPATH_0015546,GEMS1 HUAS/HUAS Lite Survey,gates_gems_huas
EUPATH_0015547,GEMS1A HUAS Lite Survey,gates_gems1a_huas
EUPATH_0015547,GEMS1 HUAS/HUAS Lite Survey,gates_gems_huas
EUPATH_0015547,VIDA HUCS Gambia Mali,gates_vida_hucs_gambia_mali
EUPATH_0015547,VIDA HUCS Kenya,gates_vida_hucs_kenya
EUPATH_0015548,GEMS1 HUAS/HUAS Lite Survey,gates_gems_huas
EUPATH_0015549,GEMS1 HUAS/HUAS Lite Survey,gates_gems_huas
EUPATH_0015550,GEMS1A HUAS Lite Survey,gates_gems1a_huas
EUPATH_0015550,GEMS1 HUAS/HUAS Lite Survey,gates_gems_huas
EUPATH_0015551,GEMS1A HUAS Lite Survey,gates_gems1a_huas
EUPATH_0015551,GEMS1 HUAS/HUAS Lite Survey,gates_gems_huas
EUPATH_0015552,GEMS1A HUAS Lite Survey,gates_gems1a_huas
EUPATH_0015552,GEMS1 HUAS/HUAS Lite Survey,gates_gems_huas
EUPATH_0015553,GEMS1 HUAS/HUAS Lite Survey,gates_gems_huas
EUPATH_0015553,VIDA Case Control,gates_vida
EUPATH_0015553,VIDA HUCS Kenya,gates_vida_hucs_kenya
EUPATH_0015554,GEMS1 HUAS/HUAS Lite Survey,gates_gems_huas
EUPATH_0015555,GEMS1 HUAS/HUAS Lite Survey,gates_gems_huas
EUPATH_0015556,GEMS1 HUAS/HUAS Lite Survey,gates_gems_huas
EUPATH_0015557,GEMS1 HUAS/HUAS Lite Survey,gates_gems_huas
EUPATH_0015558,GEMS1 HUAS/HUAS Lite Survey,gates_gems_huas
EUPATH_0015559,GEMS1 HUAS/HUAS Lite Survey,gates_gems_huas
EUPATH_0015560,GEMS1 HUAS/HUAS Lite Survey,gates_gems_huas
EUPATH_0015561,GEMS1 HUAS/HUAS Lite Survey,gates_gems_huas
EUPATH_0015562,GEMS1 HUAS/HUAS Lite Survey,gates_gems_huas
EUPATH_0015563,GEMS1 HUAS/HUAS Lite Survey,gates_gems_huas
EUPATH_0015564,GEMS1 HUAS/HUAS Lite Survey,gates_gems_huas
EUPATH_0015565,GEMS1 HUAS/HUAS Lite Survey,gates_gems_huas
EUPATH_0015566,GEMS1 HUAS/HUAS Lite Survey,gates_gems_huas
EUPATH_0015567,GEMS1 HUAS/HUAS Lite Survey,gates_gems_huas
EUPATH_0015568,GEMS1 HUAS/HUAS Lite Survey,gates_gems_huas
EUPATH_0015569,GEMS1 HUAS/HUAS Lite Survey,gates_gems_huas
EUPATH_0015570,GEMS1 HUAS/HUAS Lite Survey,gates_gems_huas
EUPATH_0015571,GEMS1 HUAS/HUAS Lite Survey,gates_gems_huas
EUPATH_0015572,GEMS1 HUAS/HUAS Lite Survey,gates_gems_huas
EUPATH_0015573,GEMS1 HUAS/HUAS Lite Survey,gates_gems_huas
EUPATH_0015574,GEMS1 HUAS/HUAS Lite Survey,gates_gems_huas
EUPATH_0015575,GEMS1 HUAS/HUAS Lite Survey,gates_gems_huas
EUPATH_0015576,GEMS1 HUAS/HUAS Lite Survey,gates_gems_huas
EUPATH_0015577,GEMS1 HUAS/HUAS Lite Survey,gates_gems_huas
EUPATH_0015578,GEMS1 HUAS/HUAS Lite Survey,gates_gems_huas
EUPATH_0015579,GEMS1 HUAS/HUAS Lite Survey,gates_gems_huas
EUPATH_0015580,GEMS1 HUAS/HUAS Lite Survey,gates_gems_huas
EUPATH_0015581,GEMS1 HUAS/HUAS Lite Survey,gates_gems_huas
EUPATH_0015582,GEMS1 HUAS/HUAS Lite Survey,gates_gems_huas
EUPATH_0015583,GEMS1 HUAS/HUAS Lite Survey,gates_gems_huas
EUPATH_0015584,GEMS1 HUAS/HUAS Lite Survey,gates_gems_huas
EUPATH_0015585,GEMS1 HUAS/HUAS Lite Survey,gates_gems_huas
EUPATH_0015586,GEMS1 HUAS/HUAS Lite Survey,gates_gems_huas
EUPATH_0015587,GEMS1 HUAS/HUAS Lite Survey,gates_gems_huas
EUPATH_0015588,GEMS1 HUAS/HUAS Lite Survey,gates_gems_huas
EUPATH_0015589,GEMS1 HUAS/HUAS Lite Survey,gates_gems_huas
EUPATH_0015590,GEMS1 HUAS/HUAS Lite Survey,gates_gems_huas
EUPATH_0015591,GEMS1 HUAS/HUAS Lite Survey,gates_gems_huas
EUPATH_0015592,GEMS1 HUAS/HUAS Lite Survey,gates_gems_huas
EUPATH_0015593,GEMS1 HUAS/HUAS Lite Survey,gates_gems_huas
EUPATH_0015594,GEMS1 HUAS/HUAS Lite Survey,gates_gems_huas
EUPATH_0015595,GEMS1 HUAS/HUAS Lite Survey,gates_gems_huas
EUPATH_0015596,GEMS1 HUAS/HUAS Lite Survey,gates_gems_huas
EUPATH_0015597,GEMS1 HUAS/HUAS Lite Survey,gates_gems_huas
EUPATH_0015598,GEMS1 HUAS/HUAS Lite Survey,gates_gems_huas
EUPATH_0015599,GEMS1 HUAS/HUAS Lite Survey,gates_gems_huas
EUPATH_0015600,GEMS1 HUAS/HUAS Lite Survey,gates_gems_huas
EUPATH_0015601,GEMS1 HUAS/HUAS Lite Survey,gates_gems_huas
EUPATH_0015602,GEMS1 HUAS/HUAS Lite Survey,gates_gems_huas
EUPATH_0015603,GEMS1 HUAS/HUAS Lite Survey,gates_gems_huas
EUPATH_0015604,GEMS1 HUAS/HUAS Lite Survey,gates_gems_huas
EUPATH_0015605,GEMS1 HUAS/HUAS Lite Survey,gates_gems_huas
EUPATH_0015606,GEMS1 HUAS/HUAS Lite Survey,gates_gems_huas
EUPATH_0015607,GEMS1 HUAS/HUAS Lite Survey,gates_gems_huas
EUPATH_0015608,GEMS1 HUAS/HUAS Lite Survey,gates_gems_huas
EUPATH_0015609,GEMS1 HUAS/HUAS Lite Survey,gates_gems_huas
EUPATH_0015610,GEMS1 HUAS/HUAS Lite Survey,gates_gems_huas
EUPATH_0015611,GEMS1 HUAS/HUAS Lite Survey,gates_gems_huas
EUPATH_0015612,GEMS1 HUAS/HUAS Lite Survey,gates_gems_huas
EUPATH_0015613,GEMS1 HUAS/HUAS Lite Survey,gates_gems_huas
EUPATH_0015614,GEMS1 HUAS/HUAS Lite Survey,gates_gems_huas
EUPATH_0015615,GEMS1 HUAS/HUAS Lite Survey,gates_gems_huas
EUPATH_0015616,GEMS1 HUAS/HUAS Lite Survey,gates_gems_huas
EUPATH_0015617,GEMS1 HUAS/HUAS Lite Survey,gates_gems_huas
EUPATH_0015618,GEMS1 HUAS/HUAS Lite Survey,gates_gems_huas
EUPATH_0015619,GEMS1 HUAS/HUAS Lite Survey,gates_gems_huas
EUPATH_0015620,GEMS1 HUAS/HUAS Lite Survey,gates_gems_huas
EUPATH_0015621,GEMS1 HUAS/HUAS Lite Survey,gates_gems_huas
EUPATH_0015622,GEMS1 HUAS/HUAS Lite Survey,gates_gems_huas
EUPATH_0015623,GEMS1 HUAS/HUAS Lite Survey,gates_gems_huas
EUPATH_0015624,GEMS1 HUAS/HUAS Lite Survey,gates_gems_huas
EUPATH_0015625,GEMS1 HUAS/HUAS Lite Survey,gates_gems_huas
EUPATH_0015626,GEMS1 HUAS/HUAS Lite Survey,gates_gems_huas
EUPATH_0015627,GEMS1 HUAS/HUAS Lite Survey,gates_gems_huas
EUPATH_0015628,GEMS1 HUAS/HUAS Lite Survey,gates_gems_huas
EUPATH_0015629,GEMS1 HUAS/HUAS Lite Survey,gates_gems_huas
EUPATH_0015630,GEMS1 HUAS/HUAS Lite Survey,gates_gems_huas
EUPATH_0015631,GEMS1 HUAS/HUAS Lite Survey,gates_gems_huas
EUPATH_0015632,GEMS1 HUAS/HUAS Lite Survey,gates_gems_huas
EUPATH_0015634,GEMS1 HUAS/HUAS Lite Survey,gates_gems_huas
EUPATH_0015635,GEMS1 HUAS/HUAS Lite Survey,gates_gems_huas
EUPATH_0015636,GEMS1 HUAS/HUAS Lite Survey,gates_gems_huas
EUPATH_0015637,GEMS1 HUAS/HUAS Lite Survey,gates_gems_huas
EUPATH_0015638,GEMS1 HUAS/HUAS Lite Survey,gates_gems_huas
EUPATH_0015639,GEMS1 HUAS/HUAS Lite Survey,gates_gems_huas
EUPATH_0015640,GEMS1 HUAS/HUAS Lite Survey,gates_gems_huas
EUPATH_0015641,GEMS1 HUAS/HUAS Lite Survey,gates_gems_huas
EUPATH_0015642,GEMS1 HUAS/HUAS Lite Survey,gates_gems_huas
EUPATH_0015643,GEMS1 HUAS/HUAS Lite Survey,gates_gems_huas
EUPATH_0015644,GEMS1 HUAS/HUAS Lite Survey,gates_gems_huas
EUPATH_0015645,GEMS1 HUAS/HUAS Lite Survey,gates_gems_huas
EUPATH_0015646,GEMS1 HUAS/HUAS Lite Survey,gates_gems_huas
EUPATH_0015647,GEMS1 HUAS/HUAS Lite Survey,gates_gems_huas
EUPATH_0015648,GEMS1 HUAS/HUAS Lite Survey,gates_gems_huas
EUPATH_0015649,GEMS1 HUAS/HUAS Lite Survey,gates_gems_huas
EUPATH_0015650,GEMS1 HUAS/HUAS Lite Survey,gates_gems_huas
EUPATH_0015651,GEMS1 HUAS/HUAS Lite Survey,gates_gems_huas
EUPATH_0015652,GEMS1 HUAS/HUAS Lite Survey,gates_gems_huas
EUPATH_0015653,GEMS1 HUAS/HUAS Lite Survey,gates_gems_huas
EUPATH_0015654,GEMS1 HUAS/HUAS Lite Survey,gates_gems_huas
EUPATH_0015655,GEMS1 HUAS/HUAS Lite Survey,gates_gems_huas
EUPATH_0015656,GEMS1 HUAS/HUAS Lite Survey,gates_gems_huas
EUPATH_0015657,GEMS1 HUAS/HUAS Lite Survey,gates_gems_huas
EUPATH_0015658,GEMS1 HUAS/HUAS Lite Survey,gates_gems_huas
EUPATH_0015659,GEMS1 HUAS/HUAS Lite Survey,gates_gems_huas
EUPATH_0015660,GEMS1 HUAS/HUAS Lite Survey,gates_gems_huas
EUPATH_0015661,GEMS1 HUAS/HUAS Lite Survey,gates_gems_huas
EUPATH_0015662,GEMS1 HUAS/HUAS Lite Survey,gates_gems_huas
EUPATH_0015663,GEMS1 HUAS/HUAS Lite Survey,gates_gems_huas
EUPATH_0015664,GEMS1 HUAS/HUAS Lite Survey,gates_gems_huas
EUPATH_0015665,GEMS1 HUAS/HUAS Lite Survey,gates_gems_huas
EUPATH_0015666,GEMS1 HUAS/HUAS Lite Survey,gates_gems_huas
EUPATH_0015667,GEMS1 HUAS/HUAS Lite Survey,gates_gems_huas
EUPATH_0015668,GEMS1 HUAS/HUAS Lite Survey,gates_gems_huas
EUPATH_0015669,GEMS1A HUAS Lite Survey,gates_gems1a_huas
EUPATH_0015669,GEMS1 HUAS/HUAS Lite Survey,gates_gems_huas
EUPATH_0015669,PROVIDE Randomized Controlled Trial,gates_provide
EUPATH_0015669,VIDA HUCS Gambia Mali,gates_vida_hucs_gambia_mali
EUPATH_0015669,VIDA HUCS Kenya,gates_vida_hucs_kenya
EUPATH_0015670,GEMS1A HUAS Lite Survey,gates_gems1a_huas
EUPATH_0015670,GEMS1 HUAS/HUAS Lite Survey,gates_gems_huas
EUPATH_0015670,VIDA HUCS Gambia Mali,gates_vida_hucs_gambia_mali
EUPATH_0015670,VIDA HUCS Kenya,gates_vida_hucs_kenya
EUPATH_0015671,GEMS1A HUAS Lite Survey,gates_gems1a_huas
EUPATH_0015671,GEMS1 HUAS/HUAS Lite Survey,gates_gems_huas
EUPATH_0015671,VIDA HUCS Gambia Mali,gates_vida_hucs_gambia_mali
EUPATH_0015671,VIDA HUCS Kenya,gates_vida_hucs_kenya
EUPATH_0015672,GEMS1A HUAS Lite Survey,gates_gems1a_huas
EUPATH_0015672,GEMS1 HUAS/HUAS Lite Survey,gates_gems_huas
EUPATH_0015672,VIDA HUCS Gambia Mali,gates_vida_hucs_gambia_mali
EUPATH_0015672,VIDA HUCS Kenya,gates_vida_hucs_kenya
EUPATH_0015673,GEMS1A HUAS Lite Survey,gates_gems1a_huas
EUPATH_0015673,GEMS1 HUAS/HUAS Lite Survey,gates_gems_huas
EUPATH_0015673,VIDA HUCS Gambia Mali,gates_vida_hucs_gambia_mali
EUPATH_0015673,VIDA HUCS Kenya,gates_vida_hucs_kenya
EUPATH_0015675,GEMS1A HUAS Lite Survey,gates_gems1a_huas
EUPATH_0015675,GEMS1 HUAS/HUAS Lite Survey,gates_gems_huas
EUPATH_0015675,VIDA HUCS Gambia Mali,gates_vida_hucs_gambia_mali
EUPATH_0015675,VIDA HUCS Kenya,gates_vida_hucs_kenya
EUPATH_0015676,GEMS1 HUAS/HUAS Lite Survey,gates_gems_huas
EUPATH_0015677,GEMS1 HUAS/HUAS Lite Survey,gates_gems_huas
EUPATH_0015678,GEMS1 HUAS/HUAS Lite Survey,gates_gems_huas
EUPATH_0015679,GEMS1 HUAS/HUAS Lite Survey,gates_gems_huas
EUPATH_0015680,GEMS1 HUAS/HUAS Lite Survey,gates_gems_huas
EUPATH_0015681,GEMS1 HUAS/HUAS Lite Survey,gates_gems_huas
EUPATH_0015682,GEMS1 HUAS/HUAS Lite Survey,gates_gems_huas
EUPATH_0015683,GANC,gates_ganc
EUPATH_0015683,GEMS1A HUAS Lite Survey,gates_gems1a_huas
EUPATH_0015683,GEMS1 HUAS/HUAS Lite Survey,gates_gems_huas
EUPATH_0015683,VIDA HUCS Gambia Mali,gates_vida_hucs_gambia_mali
EUPATH_0015683,VIDA HUCS Kenya,gates_vida_hucs_kenya
EUPATH_0015684,GEMS1A HUAS Lite Survey,gates_gems1a_huas
EUPATH_0015684,GEMS1 HUAS/HUAS Lite Survey,gates_gems_huas
EUPATH_0015684,VIDA HUCS Gambia Mali,gates_vida_hucs_gambia_mali
EUPATH_0015684,VIDA HUCS Kenya,gates_vida_hucs_kenya
EUPATH_0015685,GEMS1A HUAS Lite Survey,gates_gems1a_huas
EUPATH_0015685,GEMS1 HUAS/HUAS Lite Survey,gates_gems_huas
EUPATH_0015685,VIDA HUCS Gambia Mali,gates_vida_hucs_gambia_mali
EUPATH_0015685,VIDA HUCS Kenya,gates_vida_hucs_kenya
EUPATH_0015686,GEMS1A HUAS Lite Survey,gates_gems1a_huas
EUPATH_0015686,GEMS1 HUAS/HUAS Lite Survey,gates_gems_huas
EUPATH_0015686,VIDA HUCS Gambia Mali,gates_vida_hucs_gambia_mali
EUPATH_0015686,VIDA HUCS Kenya,gates_vida_hucs_kenya
EUPATH_0015687,GEMS1A HUAS Lite Survey,gates_gems1a_huas
EUPATH_0015687,GEMS1 HUAS/HUAS Lite Survey,gates_gems_huas
EUPATH_0015687,VIDA HUCS Gambia Mali,gates_vida_hucs_gambia_mali
EUPATH_0015687,VIDA HUCS Kenya,gates_vida_hucs_kenya
EUPATH_0015688,GEMS1A HUAS Lite Survey,gates_gems1a_huas
EUPATH_0015688,GEMS1 HUAS/HUAS Lite Survey,gates_gems_huas
EUPATH_0015688,VIDA HUCS Gambia Mali,gates_vida_hucs_gambia_mali
EUPATH_0015688,VIDA HUCS Kenya,gates_vida_hucs_kenya
EUPATH_0015689,GEMS1A HUAS Lite Survey,gates_gems1a_huas
EUPATH_0015689,GEMS1 HUAS/HUAS Lite Survey,gates_gems_huas
EUPATH_0015689,VIDA HUCS Gambia Mali,gates_vida_hucs_gambia_mali
EUPATH_0015689,VIDA HUCS Kenya,gates_vida_hucs_kenya
EUPATH_0015690,GEMS1A HUAS Lite Survey,gates_gems1a_huas
EUPATH_0015690,GEMS1 HUAS/HUAS Lite Survey,gates_gems_huas
EUPATH_0015691,GEMS1 HUAS/HUAS Lite Survey,gates_gems_huas
EUPATH_0015692,GEMS1 HUAS/HUAS Lite Survey,gates_gems_huas
EUPATH_0015693,GEMS1 HUAS/HUAS Lite Survey,gates_gems_huas
EUPATH_0015694,GEMS1 HUAS/HUAS Lite Survey,gates_gems_huas
EUPATH_0015695,GEMS1 HUAS/HUAS Lite Survey,gates_gems_huas
EUPATH_0015696,GEMS1 HUAS/HUAS Lite Survey,gates_gems_huas
EUPATH_0015697,GEMS1 HUAS/HUAS Lite Survey,gates_gems_huas
EUPATH_0015698,GEMS1 HUAS/HUAS Lite Survey,gates_gems_huas
EUPATH_0015699,GEMS1 HUAS/HUAS Lite Survey,gates_gems_huas
EUPATH_0015700,GEMS1 HUAS/HUAS Lite Survey,gates_gems_huas
EUPATH_0015701,GEMS1A HUAS Lite Survey,gates_gems1a_huas
EUPATH_0015701,GEMS1 HUAS/HUAS Lite Survey,gates_gems_huas
EUPATH_0015701,VIDA HUCS Gambia Mali,gates_vida_hucs_gambia_mali
EUPATH_0015701,VIDA HUCS Kenya,gates_vida_hucs_kenya
EUPATH_0015702,GEMS1A HUAS Lite Survey,gates_gems1a_huas
EUPATH_0015702,GEMS1 HUAS/HUAS Lite Survey,gates_gems_huas
EUPATH_0015703,GEMS1A HUAS Lite Survey,gates_gems1a_huas
EUPATH_0015704,GEMS1A HUAS Lite Survey,gates_gems1a_huas
EUPATH_0015705,GEMS1A HUAS Lite Survey,gates_gems1a_huas
EUPATH_0015706,GEMS1 Case Control,gates_gems
EUPATH_0015706,GEMS1A Case Control,gates_gems1a
EUPATH_0015707,GEMS1 Case Control,gates_gems
EUPATH_0015707,GEMS1A Case Control,gates_gems1a
EUPATH_0015708,GEMS1A HUAS Lite Survey,gates_gems1a_huas
EUPATH_0015708,GEMS1 HUAS/HUAS Lite Survey,gates_gems_huas
EUPATH_0015708,VIDA HUCS Gambia Mali,gates_vida_hucs_gambia_mali
EUPATH_0015708,VIDA HUCS Kenya,gates_vida_hucs_kenya
EUPATH_0015709,GEMS1A HUAS Lite Survey,gates_gems1a_huas
EUPATH_0015709,GEMS1 HUAS/HUAS Lite Survey,gates_gems_huas
EUPATH_0015710,GEMS1 Case Control,gates_gems
EUPATH_0015710,GEMS1A Case Control,gates_gems1a
EUPATH_0015710,MAL-ED 0-60m Cohort,gates_maled
EUPATH_0015710,PERCH Case Control,gates_perch
EUPATH_0015710,VIDA Case Control,gates_vida
EUPATH_0015711,GEMS1A HUAS Lite Survey,gates_gems1a_huas
EUPATH_0015711,VIDA HUCS Gambia Mali,gates_vida_hucs_gambia_mali
EUPATH_0015711,VIDA HUCS Kenya,gates_vida_hucs_kenya
EUPATH_0015713,GEMS1 Case Control,gates_gems
EUPATH_0015713,GEMS1A Case Control,gates_gems1a
EUPATH_0015713,PROVIDE Randomized Controlled Trial,gates_provide
EUPATH_0015715,GEMS1A Case Control,gates_gems1a
EUPATH_0015716,GEMS1A Case Control,gates_gems1a
EUPATH_0015716,MAL-ED 0-60m Cohort,gates_maled
EUPATH_0015717,GEMS1A Case Control,gates_gems1a
EUPATH_0015718,GEMS1A Case Control,gates_gems1a
EUPATH_0015719,GEMS1A Case Control,gates_gems1a
EUPATH_0015720,GEMS1 Case Control,gates_gems
EUPATH_0015722,GEMS1 Case Control,gates_gems
EUPATH_0015722,GEMS1A Case Control,gates_gems1a
EUPATH_0015723,GEMS1 Case Control,gates_gems
EUPATH_0015723,GEMS1A Case Control,gates_gems1a
EUPATH_0020001,SIP,gates_sip
EUPATH_0020001,Kalifabougou,general_kalifabougou
EUPATH_0020001,PRISM ICEMR Cohort,icemr_prism
EUPATH_0020001,PRISM2 ICEMR Cohort,icemr_prism2
EUPATH_0020002,Amazonia ICEMR Peru Cohort,icemr_amazonia_peru
EUPATH_0020002,PRISM ICEMR Cohort,icemr_prism
EUPATH_0020003,LLINE UP Cluster Randomized Trial,gates_llineup
EUPATH_0020003,PRISM ICEMR Cohort,icemr_prism
EUPATH_0020003,PRISM2 ICEMR Cohort,icemr_prism2
EUPATH_0020003,PRISM2 ICEMR Border Cohort,icemr_prism2_border_cohort
EUPATH_0020004,ELICIT,gates_elicit
EUPATH_0020004,GEMS1A Case Control,gates_gems1a
EUPATH_0020004,MAL-ED 0-60m Cohort,gates_maled
EUPATH_0020004,PROVIDE Randomized Controlled Trial,gates_provide
EUPATH_0020004,VIDA Case Control,gates_vida
EUPATH_0020004,PROMOTE BC3 Cohort,general_promote
EUPATH_0020006,PRISM2 ICEMR Cohort,icemr_prism2
EUPATH_0020006,PRISM2 ICEMR Border Cohort,icemr_prism2_border_cohort
EUPATH_0020054,PRISM2 ICEMR Cohort,icemr_prism2
EUPATH_0020054,PRISM2 ICEMR Border Cohort,icemr_prism2_border_cohort
EUPATH_0020055,PRISM2 ICEMR Cohort,icemr_prism2
EUPATH_0020055,PRISM2 ICEMR Border Cohort,icemr_prism2_border_cohort
EUPATH_0020057,PRISM2 ICEMR Cohort,icemr_prism2
EUPATH_0020057,PRISM2 ICEMR Border Cohort,icemr_prism2_border_cohort
EUPATH_0020059,PRISM2 ICEMR Cohort,icemr_prism2
EUPATH_0020059,PRISM2 ICEMR Border Cohort,icemr_prism2_border_cohort
EUPATH_0020067,PRISM2 ICEMR Cohort,icemr_prism2
EUPATH_0020067,PRISM2 ICEMR Border Cohort,icemr_prism2_border_cohort
EUPATH_0020068,PRISM2 ICEMR Cohort,icemr_prism2
EUPATH_0020081,PRISM2 ICEMR Cohort,icemr_prism2
EUPATH_0020081,PRISM2 ICEMR Border Cohort,icemr_prism2_border_cohort
EUPATH_0020082,PRISM2 ICEMR Cohort,icemr_prism2
EUPATH_0020082,PRISM2 ICEMR Border Cohort,icemr_prism2_border_cohort
EUPATH_0020085,PRISM2 ICEMR Cohort,icemr_prism2
EUPATH_0020085,PRISM2 ICEMR Border Cohort,icemr_prism2_border_cohort
EUPATH_0020086,PRISM2 ICEMR Cohort,icemr_prism2
EUPATH_0020086,PRISM2 ICEMR Border Cohort,icemr_prism2_border_cohort
EUPATH_0020097,"avenir,baseline",gates_avenir
EUPATH_0020097,GANC,gates_ganc
EUPATH_0020097,LLINE UP Cluster Randomized Trial,gates_llineup
EUPATH_0020097,SHINE,gates_shine
EUPATH_0020097,WASHb BNG Cluster Randomized Trial,gates_washb_bangladesh
EUPATH_0020097,WASH Benefits Kenya Cluster Randomized Trial,gates_washb_kenya
EUPATH_0020097,PRISM2 ICEMR Cohort,icemr_prism2
EUPATH_0020097,PRISM2 ICEMR Border Cohort,icemr_prism2_border_cohort
EUPATH_0020101,PRISM2 ICEMR Cohort,icemr_prism2
EUPATH_0020102,PRISM2 ICEMR Cohort,icemr_prism2
EUPATH_0020102,PRISM2 ICEMR Border Cohort,icemr_prism2_border_cohort
EUPATH_0020104,PRISM2 ICEMR Cohort,icemr_prism2
EUPATH_0020108,PRISM2 ICEMR Cohort,icemr_prism2
EUPATH_0020108,PRISM2 ICEMR Border Cohort,icemr_prism2_border_cohort
EUPATH_0020109,PRISM2 ICEMR Cohort,icemr_prism2
EUPATH_0020109,PRISM2 ICEMR Border Cohort,icemr_prism2_border_cohort
EUPATH_0020111,PRISM2 ICEMR Cohort,icemr_prism2
EUPATH_0020118,PRISM2 ICEMR Cohort,icemr_prism2
EUPATH_0020118,PRISM2 ICEMR Border Cohort,icemr_prism2_border_cohort
EUPATH_0020120,PRISM2 ICEMR Cohort,icemr_prism2
EUPATH_0020120,PRISM2 ICEMR Border Cohort,icemr_prism2_border_cohort
EUPATH_0020121,PRISM2 ICEMR Cohort,icemr_prism2
EUPATH_0020121,PRISM2 ICEMR Border Cohort,icemr_prism2_border_cohort
EUPATH_0020122,PRISM2 ICEMR Cohort,icemr_prism2
EUPATH_0020122,PRISM2 ICEMR Border Cohort,icemr_prism2_border_cohort
EUPATH_0020125,"avenir,baseline",gates_avenir
EUPATH_0020125,GAMIN RCT,gates_gamin
EUPATH_0020125,LLINE UP Cluster Randomized Trial,gates_llineup
EUPATH_0020125,Preventing Congenital Syphilis,gates_pcs
EUPATH_0020125,SIP,gates_sip
EUPATH_0020125,Kalifabougou,general_kalifabougou
EUPATH_0020125,PROMOTE BC3 Cohort,general_promote
EUPATH_0020125,UMSP Surveillance,general_umsp
EUPATH_0020125,India ICEMR Behavior Cross-sectional,icemr_india_behavior
EUPATH_0020125,India ICEMR Cohort,icemr_india_cohort
EUPATH_0020125,India ICEMR Cross-Sectional,icemr_india_cx
EUPATH_0020125,India ICEMR DAMaN,icemr_india_daman
EUPATH_0020125,India ICEMR Fever Surveillance,icemr_india_fever_surv
EUPATH_0020125,India ICEMR Meghalaya Cohort,icemr_india_meghalaya
EUPATH_0020125,India ICEMR Severe P.vivax and falciparum Cohort,icemr_india_severe_malaria
EUPATH_0020125,Malawi ICEMR Case-Control,icemr_malawi
EUPATH_0020125,Myanmar ICEMR,icemr_myanmar
EUPATH_0020125,PRISM2 ICEMR Cohort,icemr_prism2
EUPATH_0020125,PRISM2 ICEMR Border Cohort,icemr_prism2_border_cohort
EUPATH_0020125,West Africa ICEMR,icemr_west_africa
EUPATH_0020132,PRISM2 ICEMR Cohort,icemr_prism2
EUPATH_0020132,PRISM2 ICEMR Border Cohort,icemr_prism2_border_cohort
EUPATH_0020133,PRISM2 ICEMR Cohort,icemr_prism2
EUPATH_0020133,PRISM2 ICEMR Border Cohort,icemr_prism2_border_cohort
EUPATH_0020134,PRISM2 ICEMR Cohort,icemr_prism2
EUPATH_0020134,PRISM2 ICEMR Border Cohort,icemr_prism2_border_cohort
EUPATH_0020135,PRISM2 ICEMR Cohort,icemr_prism2
EUPATH_0020135,PRISM2 ICEMR Border Cohort,icemr_prism2_border_cohort
EUPATH_0020136,PRISM2 ICEMR Cohort,icemr_prism2
EUPATH_0020136,PRISM2 ICEMR Border Cohort,icemr_prism2_border_cohort
EUPATH_0020137,PRISM2 ICEMR Cohort,icemr_prism2
EUPATH_0020137,PRISM2 ICEMR Border Cohort,icemr_prism2_border_cohort
EUPATH_0020142,PRISM2 ICEMR Cohort,icemr_prism2
EUPATH_0020142,PRISM2 ICEMR Border Cohort,icemr_prism2_border_cohort
EUPATH_0020143,PRISM2 ICEMR Cohort,icemr_prism2
EUPATH_0020143,PRISM2 ICEMR Border Cohort,icemr_prism2_border_cohort
EUPATH_0020163,Amazonia ICEMR Brazil Cohort,icemr_amazonia_brazil
EUPATH_0020163,India ICEMR Behavior Cross-sectional,icemr_india_behavior
EUPATH_0020163,India ICEMR Meghalaya Cohort,icemr_india_meghalaya
EUPATH_0020163,PRISM2 ICEMR Cohort,icemr_prism2
EUPATH_0020163,PRISM2 ICEMR Border Cohort,icemr_prism2_border_cohort
EUPATH_0020166,PROMOTE BC3 Cohort,general_promote
EUPATH_0020166,PRISM2 ICEMR Cohort,icemr_prism2
EUPATH_0020166,PRISM2 ICEMR Border Cohort,icemr_prism2_border_cohort
EUPATH_0020167,PRISM2 ICEMR Cohort,icemr_prism2
EUPATH_0020167,West Africa ICEMR,icemr_west_africa
EUPATH_0020169,PRISM2 ICEMR Cohort,icemr_prism2
EUPATH_0020170,PRISM2 ICEMR Cohort,icemr_prism2
EUPATH_0020171,PRISM2 ICEMR Cohort,icemr_prism2
EUPATH_0020171,PRISM2 ICEMR Border Cohort,icemr_prism2_border_cohort
EUPATH_0020178,PRISM2 ICEMR Cohort,icemr_prism2
EUPATH_0020178,PRISM2 ICEMR Border Cohort,icemr_prism2_border_cohort
EUPATH_0020179,PRISM2 ICEMR Cohort,icemr_prism2
EUPATH_0020180,PRISM2 ICEMR Cohort,icemr_prism2
EUPATH_0020181,PRISM2 ICEMR Cohort,icemr_prism2
EUPATH_0020181,PRISM2 ICEMR Border Cohort,icemr_prism2_border_cohort
EUPATH_0020182,PRISM2 ICEMR Cohort,icemr_prism2
EUPATH_0020182,PRISM2 ICEMR Border Cohort,icemr_prism2_border_cohort
EUPATH_0020182,West Africa ICEMR,icemr_west_africa
EUPATH_0020183,PRISM2 ICEMR Cohort,icemr_prism2
EUPATH_0020184,PROMOTE BC3 Cohort,general_promote
EUPATH_0020184,PRISM ICEMR Cohort,icemr_prism
EUPATH_0020184,PRISM2 ICEMR Cohort,icemr_prism2
EUPATH_0020184,PRISM2 ICEMR Border Cohort,icemr_prism2_border_cohort
EUPATH_0020184,West Africa ICEMR,icemr_west_africa
EUPATH_0020188,PRISM2 ICEMR Cohort,icemr_prism2
EUPATH_0020188,PRISM2 ICEMR Border Cohort,icemr_prism2_border_cohort
EUPATH_0020191,PRISM2 ICEMR Cohort,icemr_prism2
EUPATH_0020191,PRISM2 ICEMR Border Cohort,icemr_prism2_border_cohort
EUPATH_0020192,PRISM2 ICEMR Cohort,icemr_prism2
EUPATH_0020192,PRISM2 ICEMR Border Cohort,icemr_prism2_border_cohort
EUPATH_0020193,PRISM2 ICEMR Cohort,icemr_prism2
EUPATH_0020194,PRISM2 ICEMR Cohort,icemr_prism2
EUPATH_0020195,PRISM2 ICEMR Cohort,icemr_prism2
EUPATH_0020197,PRISM2 ICEMR Cohort,icemr_prism2
EUPATH_0020197,PRISM2 ICEMR Border Cohort,icemr_prism2_border_cohort
EUPATH_0020200,PRISM2 ICEMR Cohort,icemr_prism2
EUPATH_0020202,PRISM2 ICEMR Cohort,icemr_prism2
EUPATH_0020202,PRISM2 ICEMR Border Cohort,icemr_prism2_border_cohort
EUPATH_0020205,LLINE UP Cluster Randomized Trial,gates_llineup
EUPATH_0020205,PRISM2 ICEMR Cohort,icemr_prism2
EUPATH_0020205,PRISM2 ICEMR Border Cohort,icemr_prism2_border_cohort
EUPATH_0020209,LLINE UP Cluster Randomized Trial,gates_llineup
EUPATH_0020209,PRISM2 ICEMR Cohort,icemr_prism2
EUPATH_0020210,PRISM2 ICEMR Cohort,icemr_prism2
EUPATH_0020210,PRISM2 ICEMR Border Cohort,icemr_prism2_border_cohort
EUPATH_0020212,LLINE UP Cluster Randomized Trial,gates_llineup
EUPATH_0020212,PRISM2 ICEMR Cohort,icemr_prism2
EUPATH_0020212,PRISM2 ICEMR Border Cohort,icemr_prism2_border_cohort
EUPATH_0020213,LLINE UP Cluster Randomized Trial,gates_llineup
EUPATH_0020213,PROMOTE BC3 Cohort,general_promote
EUPATH_0020213,India ICEMR Behavior Cross-sectional,icemr_india_behavior
EUPATH_0020213,India ICEMR Meghalaya Cohort,icemr_india_meghalaya
EUPATH_0020213,PRISM2 ICEMR Cohort,icemr_prism2
EUPATH_0020213,PRISM2 ICEMR Border Cohort,icemr_prism2_border_cohort
EUPATH_0020214,LLINE UP Cluster Randomized Trial,gates_llineup
EUPATH_0020214,PRISM2 ICEMR Cohort,icemr_prism2
EUPATH_0020214,PRISM2 ICEMR Border Cohort,icemr_prism2_border_cohort
EUPATH_0020215,LLINE UP Cluster Randomized Trial,gates_llineup
EUPATH_0020215,PROMOTE BC3 Cohort,general_promote
EUPATH_0020215,PRISM2 ICEMR Cohort,icemr_prism2
EUPATH_0020215,PRISM2 ICEMR Border Cohort,icemr_prism2_border_cohort
EUPATH_0020217,LLINE UP Cluster Randomized Trial,gates_llineup
EUPATH_0020217,PROMOTE BC3 Cohort,general_promote
EUPATH_0020217,India ICEMR Behavior Cross-sectional,icemr_india_behavior
EUPATH_0020217,India ICEMR Meghalaya Cohort,icemr_india_meghalaya
EUPATH_0020217,PRISM2 ICEMR Cohort,icemr_prism2
EUPATH_0020217,PRISM2 ICEMR Border Cohort,icemr_prism2_border_cohort
EUPATH_0020219,LLINE UP Cluster Randomized Trial,gates_llineup
EUPATH_0020219,PRISM2 ICEMR Cohort,icemr_prism2
EUPATH_0020219,PRISM2 ICEMR Border Cohort,icemr_prism2_border_cohort
EUPATH_0020220,PRISM2 ICEMR Cohort,icemr_prism2
EUPATH_0020220,PRISM2 ICEMR Border Cohort,icemr_prism2_border_cohort
EUPATH_0020221,LLINE UP Cluster Randomized Trial,gates_llineup
EUPATH_0020221,PROMOTE BC3 Cohort,general_promote
EUPATH_0020221,PRISM2 ICEMR Cohort,icemr_prism2
EUPATH_0020221,PRISM2 ICEMR Border Cohort,icemr_prism2_border_cohort
EUPATH_0020223,PRISM2 ICEMR Cohort,icemr_prism2
EUPATH_0020223,PRISM2 ICEMR Border Cohort,icemr_prism2_border_cohort
EUPATH_0020224,LLINE UP Cluster Randomized Trial,gates_llineup
EUPATH_0020224,PROMOTE BC3 Cohort,general_promote
EUPATH_0020224,PRISM2 ICEMR Cohort,icemr_prism2
EUPATH_0020224,PRISM2 ICEMR Border Cohort,icemr_prism2_border_cohort
EUPATH_0020225,LLINE UP Cluster Randomized Trial,gates_llineup
EUPATH_0020225,PROMOTE BC3 Cohort,general_promote
EUPATH_0020225,India ICEMR Meghalaya Cohort,icemr_india_meghalaya
EUPATH_0020225,PRISM2 ICEMR Cohort,icemr_prism2
EUPATH_0020225,PRISM2 ICEMR Border Cohort,icemr_prism2_border_cohort
EUPATH_0020226,LLINE UP Cluster Randomized Trial,gates_llineup
EUPATH_0020226,PRISM2 ICEMR Cohort,icemr_prism2
EUPATH_0020227,LLINE UP Cluster Randomized Trial,gates_llineup
EUPATH_0020227,PRISM2 ICEMR Cohort,icemr_prism2
EUPATH_0020227,PRISM2 ICEMR Border Cohort,icemr_prism2_border_cohort
EUPATH_0020229,LLINE UP Cluster Randomized Trial,gates_llineup
EUPATH_0020229,PROMOTE BC3 Cohort,general_promote
EUPATH_0020229,PRISM2 ICEMR Cohort,icemr_prism2
EUPATH_0020229,PRISM2 ICEMR Border Cohort,icemr_prism2_border_cohort
EUPATH_0020230,LLINE UP Cluster Randomized Trial,gates_llineup
EUPATH_0020230,PROMOTE BC3 Cohort,general_promote
EUPATH_0020230,PRISM2 ICEMR Cohort,icemr_prism2
EUPATH_0020230,PRISM2 ICEMR Border Cohort,icemr_prism2_border_cohort
EUPATH_0020231,PRISM2 ICEMR Cohort,icemr_prism2
EUPATH_0020231,PRISM2 ICEMR Border Cohort,icemr_prism2_border_cohort
EUPATH_0020232,LLINE UP Cluster Randomized Trial,gates_llineup
EUPATH_0020232,Kalifabougou,general_kalifabougou
EUPATH_0020232,PROMOTE BC3 Cohort,general_promote
EUPATH_0020232,India ICEMR Meghalaya Cohort,icemr_india_meghalaya
EUPATH_0020232,PRISM2 ICEMR Cohort,icemr_prism2
EUPATH_0020232,PRISM2 ICEMR Border Cohort,icemr_prism2_border_cohort
EUPATH_0020233,PRISM2 ICEMR Cohort,icemr_prism2
EUPATH_0020234,PRISM2 ICEMR Cohort,icemr_prism2
EUPATH_0020234,PRISM2 ICEMR Border Cohort,icemr_prism2_border_cohort
EUPATH_0020235,PRISM2 ICEMR Cohort,icemr_prism2
EUPATH_0020235,PRISM2 ICEMR Border Cohort,icemr_prism2_border_cohort
EUPATH_0020236,PRISM2 ICEMR Cohort,icemr_prism2
EUPATH_0020236,PRISM2 ICEMR Border Cohort,icemr_prism2_border_cohort
EUPATH_0020237,LLINE UP Cluster Randomized Trial,gates_llineup
EUPATH_0020237,PROMOTE BC3 Cohort,general_promote
EUPATH_0020237,PRISM2 ICEMR Cohort,icemr_prism2
EUPATH_0020237,PRISM2 ICEMR Border Cohort,icemr_prism2_border_cohort
EUPATH_0020238,LLINE UP Cluster Randomized Trial,gates_llineup
EUPATH_0020238,PROMOTE BC3 Cohort,general_promote
EUPATH_0020238,PRISM2 ICEMR Cohort,icemr_prism2
EUPATH_0020238,PRISM2 ICEMR Border Cohort,icemr_prism2_border_cohort
EUPATH_0020239,PRISM2 ICEMR Cohort,icemr_prism2
EUPATH_0020239,PRISM2 ICEMR Border Cohort,icemr_prism2_border_cohort
EUPATH_0020240,PRISM2 ICEMR Cohort,icemr_prism2
EUPATH_0020240,PRISM2 ICEMR Border Cohort,icemr_prism2_border_cohort
EUPATH_0020241,PRISM2 ICEMR Cohort,icemr_prism2
EUPATH_0020242,PRISM2 ICEMR Cohort,icemr_prism2
EUPATH_0020242,PRISM2 ICEMR Border Cohort,icemr_prism2_border_cohort
EUPATH_0020243,PRISM2 ICEMR Cohort,icemr_prism2
EUPATH_0020243,PRISM2 ICEMR Border Cohort,icemr_prism2_border_cohort
EUPATH_0020245,PRISM2 ICEMR Cohort,icemr_prism2
EUPATH_0020246,PRISM2 ICEMR Cohort,icemr_prism2
EUPATH_0020247,PRISM2 ICEMR Cohort,icemr_prism2
EUPATH_0020247,PRISM2 ICEMR Border Cohort,icemr_prism2_border_cohort
EUPATH_0020248,PROMOTE BC3 Cohort,general_promote
EUPATH_0020248,PRISM2 ICEMR Cohort,icemr_prism2
EUPATH_0020248,PRISM2 ICEMR Border Cohort,icemr_prism2_border_cohort
EUPATH_0020250,LLINE UP Cluster Randomized Trial,gates_llineup
EUPATH_0020250,PRISM2 ICEMR Cohort,icemr_prism2
EUPATH_0020251,PRISM2 ICEMR Cohort,icemr_prism2
EUPATH_0020251,PRISM2 ICEMR Border Cohort,icemr_prism2_border_cohort
EUPATH_0020252,PRISM2 ICEMR Cohort,icemr_prism2
EUPATH_0020252,PRISM2 ICEMR Border Cohort,icemr_prism2_border_cohort
EUPATH_0020252,West Africa ICEMR,icemr_west_africa
EUPATH_0020254,PRISM ICEMR Cohort,icemr_prism
EUPATH_0020254,PRISM2 ICEMR Cohort,icemr_prism2
EUPATH_0020254,PRISM2 ICEMR Border Cohort,icemr_prism2_border_cohort
EUPATH_0020256,PRISM2 ICEMR Cohort,icemr_prism2
EUPATH_0020257,PRISM2 ICEMR Cohort,icemr_prism2
EUPATH_0020257,PRISM2 ICEMR Border Cohort,icemr_prism2_border_cohort
EUPATH_0020258,PRISM2 ICEMR Cohort,icemr_prism2
EUPATH_0020258,PRISM2 ICEMR Border Cohort,icemr_prism2_border_cohort
EUPATH_0020259,PROVIDE Randomized Controlled Trial,gates_provide
EUPATH_0020259,PROMOTE BC3 Cohort,general_promote
EUPATH_0020259,PRISM2 ICEMR Cohort,icemr_prism2
EUPATH_0020259,PRISM2 ICEMR Border Cohort,icemr_prism2_border_cohort
EUPATH_0020260,PRISM2 ICEMR Cohort,icemr_prism2
EUPATH_0020261,PRISM2 ICEMR Cohort,icemr_prism2
EUPATH_0020262,PRISM2 ICEMR Cohort,icemr_prism2
EUPATH_0020263,PRISM2 ICEMR Cohort,icemr_prism2
EUPATH_0020264,PRISM2 ICEMR Cohort,icemr_prism2
EUPATH_0020265,PRISM2 ICEMR Cohort,icemr_prism2
EUPATH_0020266,PRISM2 ICEMR Cohort,icemr_prism2
EUPATH_0020268,PRISM2 ICEMR Cohort,icemr_prism2
EUPATH_0020268,PRISM2 ICEMR Border Cohort,icemr_prism2_border_cohort
EUPATH_0021001,PERCH Case Control,gates_perch
EUPATH_0021001,India ICEMR Fever Surveillance,icemr_india_fever_surv
EUPATH_0021002,"avenir,baseline",gates_avenir
EUPATH_0021002,GAMIN RCT,gates_gamin
EUPATH_0021002,GEMS1 Case Control,gates_gems
EUPATH_0021002,GEMS1A Case Control,gates_gems1a
EUPATH_0021002,LLINE UP Cluster Randomized Trial,gates_llineup
EUPATH_0021002,PERCH Case Control,gates_perch
EUPATH_0021002,PROVIDE Randomized Controlled Trial,gates_provide
EUPATH_0021002,SIP,gates_sip
EUPATH_0021002,Kalifabougou,general_kalifabougou
EUPATH_0021002,PROMOTE BC3 Cohort,general_promote
EUPATH_0021002,UMSP Surveillance,general_umsp
EUPATH_0021002,Amazonia ICEMR Brazil Cohort,icemr_amazonia_brazil
EUPATH_0021002,Amazonia ICEMR Peru Cohort,icemr_amazonia_peru
EUPATH_0021002,India ICEMR Behavior Cross-sectional,icemr_india_behavior
EUPATH_0021002,India ICEMR Cohort,icemr_india_cohort
EUPATH_0021002,India ICEMR Cross-Sectional,icemr_india_cx
EUPATH_0021002,India ICEMR Fever Surveillance,icemr_india_fever_surv
EUPATH_0021002,India ICEMR Meghalaya Cohort,icemr_india_meghalaya
EUPATH_0021002,India ICEMR Severe P.vivax and falciparum Cohort,icemr_india_severe_malaria
EUPATH_0021002,Malawi ICEMR Case-Control,icemr_malawi
EUPATH_0021002,PRISM ICEMR Cohort,icemr_prism
EUPATH_0021002,PRISM2 ICEMR Cohort,icemr_prism2
EUPATH_0021002,PRISM2 ICEMR Border Cohort,icemr_prism2_border_cohort
EUPATH_0021002,South Asia ICEMR Surveillance,icemr_south_asia
EUPATH_0021002,West Africa ICEMR,icemr_west_africa
EUPATH_0021003,India ICEMR Fever Surveillance,icemr_india_fever_surv
EUPATH_0021004,India ICEMR Cohort,icemr_india_cohort
EUPATH_0021004,India ICEMR Cross-Sectional,icemr_india_cx
EUPATH_0021005,India ICEMR Cohort,icemr_india_cohort
EUPATH_0021005,India ICEMR Cross-Sectional,icemr_india_cx
EUPATH_0021006,India ICEMR Cohort,icemr_india_cohort
EUPATH_0021006,India ICEMR Cross-Sectional,icemr_india_cx
EUPATH_0021007,India ICEMR Cohort,icemr_india_cohort
EUPATH_0021007,India ICEMR Cross-Sectional,icemr_india_cx
EUPATH_0021008,India ICEMR Cohort,icemr_india_cohort
EUPATH_0021008,India ICEMR Cross-Sectional,icemr_india_cx
EUPATH_0021009,India ICEMR Cohort,icemr_india_cohort
EUPATH_0021009,India ICEMR Cross-Sectional,icemr_india_cx
EUPATH_0021010,India ICEMR Cohort,icemr_india_cohort
EUPATH_0021010,India ICEMR Cross-Sectional,icemr_india_cx
EUPATH_0021011,India ICEMR Cohort,icemr_india_cohort
EUPATH_0021011,India ICEMR Cross-Sectional,icemr_india_cx
EUPATH_0021012,India ICEMR Cohort,icemr_india_cohort
EUPATH_0021012,India ICEMR Cross-Sectional,icemr_india_cx
EUPATH_0021013,GEMS1 Case Control,gates_gems
EUPATH_0021013,GEMS1A Case Control,gates_gems1a
EUPATH_0021013,VIDA Case Control,gates_vida
EUPATH_0021013,India ICEMR Cohort,icemr_india_cohort
EUPATH_0021013,India ICEMR Cross-Sectional,icemr_india_cx
EUPATH_0021014,India ICEMR Cohort,icemr_india_cohort
EUPATH_0021014,India ICEMR Cross-Sectional,icemr_india_cx
EUPATH_0021015,India ICEMR Cohort,icemr_india_cohort
EUPATH_0021015,India ICEMR Cross-Sectional,icemr_india_cx
EUPATH_0021016,India ICEMR Cohort,icemr_india_cohort
EUPATH_0021016,India ICEMR Cross-Sectional,icemr_india_cx
EUPATH_0021016,India ICEMR Severe P.vivax and falciparum Cohort,icemr_india_severe_malaria
EUPATH_0021017,India ICEMR Cohort,icemr_india_cohort
EUPATH_0021017,India ICEMR Cross-Sectional,icemr_india_cx
EUPATH_0021017,India ICEMR Severe P.vivax and falciparum Cohort,icemr_india_severe_malaria
EUPATH_0021018,India ICEMR Cohort,icemr_india_cohort
EUPATH_0021018,India ICEMR Cross-Sectional,icemr_india_cx
EUPATH_0021018,India ICEMR Severe P.vivax and falciparum Cohort,icemr_india_severe_malaria
EUPATH_0021019,India ICEMR Cohort,icemr_india_cohort
EUPATH_0021019,India ICEMR Cross-Sectional,icemr_india_cx
EUPATH_0021019,India ICEMR Severe P.vivax and falciparum Cohort,icemr_india_severe_malaria
EUPATH_0021020,India ICEMR Cohort,icemr_india_cohort
EUPATH_0021020,India ICEMR Cross-Sectional,icemr_india_cx
EUPATH_0021020,India ICEMR Severe P.vivax and falciparum Cohort,icemr_india_severe_malaria
EUPATH_0021021,India ICEMR Cohort,icemr_india_cohort
EUPATH_0021021,India ICEMR Cross-Sectional,icemr_india_cx
EUPATH_0021021,India ICEMR Severe P.vivax and falciparum Cohort,icemr_india_severe_malaria
EUPATH_0021022,India ICEMR Cohort,icemr_india_cohort
EUPATH_0021022,India ICEMR Cross-Sectional,icemr_india_cx
EUPATH_0021023,India ICEMR Cohort,icemr_india_cohort
EUPATH_0021023,India ICEMR Cross-Sectional,icemr_india_cx
EUPATH_0021023,India ICEMR Fever Surveillance,icemr_india_fever_surv
EUPATH_0021024,India ICEMR Cohort,icemr_india_cohort
EUPATH_0021024,India ICEMR Cross-Sectional,icemr_india_cx
EUPATH_0021024,India ICEMR Fever Surveillance,icemr_india_fever_surv
EUPATH_0021025,India ICEMR Cohort,icemr_india_cohort
EUPATH_0021025,India ICEMR Cross-Sectional,icemr_india_cx
EUPATH_0021025,India ICEMR Fever Surveillance,icemr_india_fever_surv
EUPATH_0021026,India ICEMR Cohort,icemr_india_cohort
EUPATH_0021026,India ICEMR Cross-Sectional,icemr_india_cx
EUPATH_0021026,India ICEMR Fever Surveillance,icemr_india_fever_surv
EUPATH_0021027,India ICEMR Behavior Cross-sectional,icemr_india_behavior
EUPATH_0021027,India ICEMR Cohort,icemr_india_cohort
EUPATH_0021027,India ICEMR Cross-Sectional,icemr_india_cx
EUPATH_0021027,India ICEMR Fever Surveillance,icemr_india_fever_surv
EUPATH_0021028,India ICEMR Behavior Cross-sectional,icemr_india_behavior
EUPATH_0021028,India ICEMR Cohort,icemr_india_cohort
EUPATH_0021028,India ICEMR Cross-Sectional,icemr_india_cx
EUPATH_0021028,India ICEMR Fever Surveillance,icemr_india_fever_surv
EUPATH_0021028,PRISM2 ICEMR Cohort,icemr_prism2
EUPATH_0021028,West Africa ICEMR,icemr_west_africa
EUPATH_0021029,India ICEMR Behavior Cross-sectional,icemr_india_behavior
EUPATH_0021029,India ICEMR Cohort,icemr_india_cohort
EUPATH_0021029,India ICEMR Cross-Sectional,icemr_india_cx
EUPATH_0021029,India ICEMR Fever Surveillance,icemr_india_fever_surv
EUPATH_0021029,PRISM2 ICEMR Cohort,icemr_prism2
EUPATH_0021029,West Africa ICEMR,icemr_west_africa
EUPATH_0021030,India ICEMR Behavior Cross-sectional,icemr_india_behavior
EUPATH_0021030,India ICEMR Cohort,icemr_india_cohort
EUPATH_0021030,India ICEMR Cross-Sectional,icemr_india_cx
EUPATH_0021030,India ICEMR Fever Surveillance,icemr_india_fever_surv
EUPATH_0021030,PRISM2 ICEMR Cohort,icemr_prism2
EUPATH_0021030,West Africa ICEMR,icemr_west_africa
EUPATH_0021031,India ICEMR Cohort,icemr_india_cohort
EUPATH_0021031,India ICEMR Cross-Sectional,icemr_india_cx
EUPATH_0021031,India ICEMR Fever Surveillance,icemr_india_fever_surv
EUPATH_0021032,India ICEMR Cohort,icemr_india_cohort
EUPATH_0021032,India ICEMR Cross-Sectional,icemr_india_cx
EUPATH_0021032,India ICEMR Fever Surveillance,icemr_india_fever_surv
EUPATH_0021033,India ICEMR Cohort,icemr_india_cohort
EUPATH_0021033,India ICEMR Cross-Sectional,icemr_india_cx
EUPATH_0021033,India ICEMR Fever Surveillance,icemr_india_fever_surv
EUPATH_0021034,India ICEMR Cohort,icemr_india_cohort
EUPATH_0021034,India ICEMR Cross-Sectional,icemr_india_cx
EUPATH_0021034,India ICEMR Fever Surveillance,icemr_india_fever_surv
EUPATH_0021035,India ICEMR Cohort,icemr_india_cohort
EUPATH_0021035,India ICEMR Cross-Sectional,icemr_india_cx
EUPATH_0021035,India ICEMR Fever Surveillance,icemr_india_fever_surv
EUPATH_0021036,India ICEMR Cohort,icemr_india_cohort
EUPATH_0021036,India ICEMR Cross-Sectional,icemr_india_cx
EUPATH_0021036,India ICEMR Fever Surveillance,icemr_india_fever_surv
EUPATH_0021037,India ICEMR Cohort,icemr_india_cohort
EUPATH_0021037,India ICEMR Cross-Sectional,icemr_india_cx
EUPATH_0021037,India ICEMR Fever Surveillance,icemr_india_fever_surv
EUPATH_0021038,India ICEMR Cohort,icemr_india_cohort
EUPATH_0021038,India ICEMR Cross-Sectional,icemr_india_cx
EUPATH_0021038,India ICEMR Fever Surveillance,icemr_india_fever_surv
EUPATH_0021039,India ICEMR Cohort,icemr_india_cohort
EUPATH_0021039,India ICEMR Cross-Sectional,icemr_india_cx
EUPATH_0021039,India ICEMR Fever Surveillance,icemr_india_fever_surv
EUPATH_0021040,India ICEMR Cohort,icemr_india_cohort
EUPATH_0021040,India ICEMR Cross-Sectional,icemr_india_cx
EUPATH_0021040,India ICEMR Fever Surveillance,icemr_india_fever_surv
EUPATH_0021041,India ICEMR Cohort,icemr_india_cohort
EUPATH_0021041,India ICEMR Cross-Sectional,icemr_india_cx
EUPATH_0021041,India ICEMR Fever Surveillance,icemr_india_fever_surv
EUPATH_0021042,India ICEMR Cohort,icemr_india_cohort
EUPATH_0021042,India ICEMR Cross-Sectional,icemr_india_cx
EUPATH_0021042,India ICEMR Fever Surveillance,icemr_india_fever_surv
EUPATH_0021043,India ICEMR Cohort,icemr_india_cohort
EUPATH_0021043,India ICEMR Cross-Sectional,icemr_india_cx
EUPATH_0021043,India ICEMR Fever Surveillance,icemr_india_fever_surv
EUPATH_0021044,India ICEMR Cohort,icemr_india_cohort
EUPATH_0021044,India ICEMR Cross-Sectional,icemr_india_cx
EUPATH_0021044,India ICEMR Fever Surveillance,icemr_india_fever_surv
EUPATH_0021045,India ICEMR Cohort,icemr_india_cohort
EUPATH_0021045,India ICEMR Cross-Sectional,icemr_india_cx
EUPATH_0021045,India ICEMR Fever Surveillance,icemr_india_fever_surv
EUPATH_0021046,India ICEMR Cohort,icemr_india_cohort
EUPATH_0021046,India ICEMR Cross-Sectional,icemr_india_cx
EUPATH_0021046,India ICEMR Fever Surveillance,icemr_india_fever_surv
EUPATH_0021047,India ICEMR Cohort,icemr_india_cohort
EUPATH_0021047,India ICEMR Cross-Sectional,icemr_india_cx
EUPATH_0021047,India ICEMR Fever Surveillance,icemr_india_fever_surv
EUPATH_0021048,India ICEMR Cohort,icemr_india_cohort
EUPATH_0021048,India ICEMR Cross-Sectional,icemr_india_cx
EUPATH_0021048,India ICEMR Fever Surveillance,icemr_india_fever_surv
EUPATH_0021049,India ICEMR Cohort,icemr_india_cohort
EUPATH_0021049,India ICEMR Cross-Sectional,icemr_india_cx
EUPATH_0021049,India ICEMR Fever Surveillance,icemr_india_fever_surv
EUPATH_0021049,Malawi ICEMR Case-Control,icemr_malawi
EUPATH_0021050,India ICEMR Cohort,icemr_india_cohort
EUPATH_0021050,India ICEMR Cross-Sectional,icemr_india_cx
EUPATH_0021050,India ICEMR Fever Surveillance,icemr_india_fever_surv
EUPATH_0021050,Malawi ICEMR Case-Control,icemr_malawi
EUPATH_0021051,India ICEMR Cohort,icemr_india_cohort
EUPATH_0021051,India ICEMR Cross-Sectional,icemr_india_cx
EUPATH_0021051,India ICEMR Fever Surveillance,icemr_india_fever_surv
EUPATH_0021051,Malawi ICEMR Case-Control,icemr_malawi
EUPATH_0021052,India ICEMR Cohort,icemr_india_cohort
EUPATH_0021052,India ICEMR Cross-Sectional,icemr_india_cx
EUPATH_0021052,India ICEMR Fever Surveillance,icemr_india_fever_surv
EUPATH_0021052,Malawi ICEMR Case-Control,icemr_malawi
EUPATH_0021053,India ICEMR Cohort,icemr_india_cohort
EUPATH_0021053,India ICEMR Cross-Sectional,icemr_india_cx
EUPATH_0021053,India ICEMR Fever Surveillance,icemr_india_fever_surv
EUPATH_0021054,India ICEMR Cohort,icemr_india_cohort
EUPATH_0021054,India ICEMR Cross-Sectional,icemr_india_cx
EUPATH_0021054,India ICEMR Fever Surveillance,icemr_india_fever_surv
EUPATH_0021055,India ICEMR Cohort,icemr_india_cohort
EUPATH_0021055,India ICEMR Cross-Sectional,icemr_india_cx
EUPATH_0021055,India ICEMR Fever Surveillance,icemr_india_fever_surv
EUPATH_0021056,India ICEMR Cohort,icemr_india_cohort
EUPATH_0021056,India ICEMR Cross-Sectional,icemr_india_cx
EUPATH_0021056,India ICEMR Fever Surveillance,icemr_india_fever_surv
EUPATH_0021057,India ICEMR Cohort,icemr_india_cohort
EUPATH_0021057,India ICEMR Cross-Sectional,icemr_india_cx
EUPATH_0021058,India ICEMR Cohort,icemr_india_cohort
EUPATH_0021058,India ICEMR Cross-Sectional,icemr_india_cx
EUPATH_0021059,India ICEMR Cohort,icemr_india_cohort
EUPATH_0021059,India ICEMR Cross-Sectional,icemr_india_cx
EUPATH_0021060,India ICEMR Cohort,icemr_india_cohort
EUPATH_0021060,India ICEMR Cross-Sectional,icemr_india_cx
EUPATH_0021061,India ICEMR Cohort,icemr_india_cohort
EUPATH_0021061,India ICEMR Cross-Sectional,icemr_india_cx
EUPATH_0021061,India ICEMR Severe P.vivax and falciparum Cohort,icemr_india_severe_malaria
EUPATH_0021062,India ICEMR Cohort,icemr_india_cohort
EUPATH_0021062,India ICEMR Cross-Sectional,icemr_india_cx
EUPATH_0021062,India ICEMR Meghalaya Cohort,icemr_india_meghalaya
EUPATH_0021062,India ICEMR Severe P.vivax and falciparum Cohort,icemr_india_severe_malaria
EUPATH_0021063,India ICEMR Cohort,icemr_india_cohort
EUPATH_0021063,India ICEMR Cross-Sectional,icemr_india_cx
EUPATH_0021063,India ICEMR Meghalaya Cohort,icemr_india_meghalaya
EUPATH_0021063,India ICEMR Severe P.vivax and falciparum Cohort,icemr_india_severe_malaria
EUPATH_0021064,India ICEMR Behavior Cross-sectional,icemr_india_behavior
EUPATH_0021064,India ICEMR Cohort,icemr_india_cohort
EUPATH_0021064,India ICEMR Cross-Sectional,icemr_india_cx
EUPATH_0021064,India ICEMR Severe P.vivax and falciparum Cohort,icemr_india_severe_malaria
EUPATH_0021065,India ICEMR Cohort,icemr_india_cohort
EUPATH_0021065,India ICEMR Cross-Sectional,icemr_india_cx
EUPATH_0021065,India ICEMR Meghalaya Cohort,icemr_india_meghalaya
EUPATH_0021065,India ICEMR Severe P.vivax and falciparum Cohort,icemr_india_severe_malaria
EUPATH_0021066,India ICEMR Cohort,icemr_india_cohort
EUPATH_0021066,India ICEMR Cross-Sectional,icemr_india_cx
EUPATH_0021066,India ICEMR Severe P.vivax and falciparum Cohort,icemr_india_severe_malaria
EUPATH_0021067,India ICEMR Cohort,icemr_india_cohort
EUPATH_0021067,India ICEMR Cross-Sectional,icemr_india_cx
EUPATH_0021068,India ICEMR Cohort,icemr_india_cohort
EUPATH_0021068,India ICEMR Cross-Sectional,icemr_india_cx
EUPATH_0021069,India ICEMR Cohort,icemr_india_cohort
EUPATH_0021069,India ICEMR Cross-Sectional,icemr_india_cx
EUPATH_0021070,India ICEMR Cohort,icemr_india_cohort
EUPATH_0021070,India ICEMR Severe P.vivax and falciparum Cohort,icemr_india_severe_malaria
EUPATH_0021071,India ICEMR Cohort,icemr_india_cohort
EUPATH_0021071,India ICEMR Severe P.vivax and falciparum Cohort,icemr_india_severe_malaria
EUPATH_0021072,India ICEMR Cohort,icemr_india_cohort
EUPATH_0021072,India ICEMR Severe P.vivax and falciparum Cohort,icemr_india_severe_malaria
EUPATH_0021073,India ICEMR Cohort,icemr_india_cohort
EUPATH_0021073,India ICEMR Severe P.vivax and falciparum Cohort,icemr_india_severe_malaria
EUPATH_0021074,India ICEMR Cohort,icemr_india_cohort
EUPATH_0021074,India ICEMR Cross-Sectional,icemr_india_cx
EUPATH_0021075,India ICEMR Cohort,icemr_india_cohort
EUPATH_0021075,India ICEMR Cross-Sectional,icemr_india_cx
EUPATH_0021076,India ICEMR Cohort,icemr_india_cohort
EUPATH_0021076,India ICEMR Cross-Sectional,icemr_india_cx
EUPATH_0021077,India ICEMR Cohort,icemr_india_cohort
EUPATH_0021077,India ICEMR Cross-Sectional,icemr_india_cx
EUPATH_0021078,India ICEMR Cohort,icemr_india_cohort
EUPATH_0021078,India ICEMR Cross-Sectional,icemr_india_cx
EUPATH_0021079,India ICEMR Cohort,icemr_india_cohort
EUPATH_0021079,India ICEMR Cross-Sectional,icemr_india_cx
EUPATH_0021080,India ICEMR Cohort,icemr_india_cohort
EUPATH_0021080,India ICEMR Cross-Sectional,icemr_india_cx
EUPATH_0021081,Kalifabougou,general_kalifabougou
EUPATH_0021081,PROMOTE BC3 Cohort,general_promote
EUPATH_0021081,Amazonia ICEMR Peru Cohort,icemr_amazonia_peru
EUPATH_0021081,India ICEMR Behavior Cross-sectional,icemr_india_behavior
EUPATH_0021081,India ICEMR Cohort,icemr_india_cohort
EUPATH_0021081,India ICEMR Cross-Sectional,icemr_india_cx
EUPATH_0021081,India ICEMR DAMaN,icemr_india_daman
EUPATH_0021081,India ICEMR Fever Surveillance,icemr_india_fever_surv
EUPATH_0021081,India ICEMR Meghalaya Cohort,icemr_india_meghalaya
EUPATH_0021081,West Africa ICEMR,icemr_west_africa
EUPATH_0021082,India ICEMR Cohort,icemr_india_cohort
EUPATH_0021082,India ICEMR Cross-Sectional,icemr_india_cx
EUPATH_0021082,India ICEMR DAMaN,icemr_india_daman
EUPATH_0021082,India ICEMR Fever Surveillance,icemr_india_fever_surv
EUPATH_0021082,India ICEMR Meghalaya Cohort,icemr_india_meghalaya
EUPATH_0021083,India ICEMR Cohort,icemr_india_cohort
EUPATH_0021083,India ICEMR Cross-Sectional,icemr_india_cx
EUPATH_0021083,India ICEMR DAMaN,icemr_india_daman
EUPATH_0021083,India ICEMR Fever Surveillance,icemr_india_fever_surv
EUPATH_0021083,India ICEMR Meghalaya Cohort,icemr_india_meghalaya
EUPATH_0021084,GANC,gates_ganc
EUPATH_0021084,GEMS1 Case Control,gates_gems
EUPATH_0021084,GEMS1A Case Control,gates_gems1a
EUPATH_0021084,GEMS1 HUAS/HUAS Lite Survey,gates_gems_huas
EUPATH_0021084,LLINE UP Cluster Randomized Trial,gates_llineup
EUPATH_0021084,PROVIDE Randomized Controlled Trial,gates_provide
EUPATH_0021084,SHINE,gates_shine
EUPATH_0021084,VIDA Case Control,gates_vida
EUPATH_0021084,VIDA HUCS Gambia Mali,gates_vida_hucs_gambia_mali
EUPATH_0021084,VIDA HUCS Kenya,gates_vida_hucs_kenya
EUPATH_0021084,WASHb BNG Cluster Randomized Trial,gates_washb_bangladesh
EUPATH_0021084,WASH Benefits Kenya Cluster Randomized Trial,gates_washb_kenya
EUPATH_0021084,PROMOTE BC3 Cohort,general_promote
EUPATH_0021084,Amazonia ICEMR Peru Cohort,icemr_amazonia_peru
EUPATH_0021084,India ICEMR Behavior Cross-sectional,icemr_india_behavior
EUPATH_0021084,India ICEMR Cohort,icemr_india_cohort
EUPATH_0021084,India ICEMR Cross-Sectional,icemr_india_cx
EUPATH_0021084,India ICEMR Meghalaya Cohort,icemr_india_meghalaya
EUPATH_0021084,Malawi ICEMR Case-Control,icemr_malawi
EUPATH_0021084,PRISM ICEMR Cohort,icemr_prism
EUPATH_0021084,PRISM2 ICEMR Cohort,icemr_prism2
EUPATH_0021084,PRISM2 ICEMR Border Cohort,icemr_prism2_border_cohort
EUPATH_0021085,LLINE UP Cluster Randomized Trial,gates_llineup
EUPATH_0021085,MAL-ED 0-60m Cohort,gates_maled
EUPATH_0021085,PROVIDE Randomized Controlled Trial,gates_provide
EUPATH_0021085,Kalifabougou,general_kalifabougou
EUPATH_0021085,PROMOTE BC3 Cohort,general_promote
EUPATH_0021085,Amazonia ICEMR Peru Cohort,icemr_amazonia_peru
EUPATH_0021085,India ICEMR Behavior Cross-sectional,icemr_india_behavior
EUPATH_0021085,India ICEMR Cohort,icemr_india_cohort
EUPATH_0021085,India ICEMR Cross-Sectional,icemr_india_cx
EUPATH_0021085,India ICEMR Meghalaya Cohort,icemr_india_meghalaya
EUPATH_0021085,Malawi ICEMR Case-Control,icemr_malawi
EUPATH_0021085,PRISM2 ICEMR Cohort,icemr_prism2
EUPATH_0021085,PRISM2 ICEMR Border Cohort,icemr_prism2_border_cohort
EUPATH_0021085,Southeast Asia ICEMR Surveillance,icemr_southeast_asia
EUPATH_0021085,Southern Africa ICEMR Cross-sectional,icemr_southern_africa
EUPATH_0021086,GANC,gates_ganc
EUPATH_0021086,SIP,gates_sip
EUPATH_0021086,Kalifabougou,general_kalifabougou
EUPATH_0021086,PROMOTE BC3 Cohort,general_promote
EUPATH_0021086,India ICEMR Cohort,icemr_india_cohort
EUPATH_0021086,India ICEMR Cross-Sectional,icemr_india_cx
EUPATH_0021086,India ICEMR Fever Surveillance,icemr_india_fever_surv
EUPATH_0021086,India ICEMR Severe P.vivax and falciparum Cohort,icemr_india_severe_malaria
EUPATH_0021086,PRISM2 ICEMR Cohort,icemr_prism2
EUPATH_0021086,PRISM2 ICEMR Border Cohort,icemr_prism2_border_cohort
EUPATH_0021086,South Asia ICEMR Surveillance,icemr_south_asia
EUPATH_0021086,West Africa ICEMR,icemr_west_africa
EUPATH_0021087,GANC,gates_ganc
EUPATH_0021087,SIP,gates_sip
EUPATH_0021087,Kalifabougou,general_kalifabougou
EUPATH_0021087,PROMOTE BC3 Cohort,general_promote
EUPATH_0021087,India ICEMR Cohort,icemr_india_cohort
EUPATH_0021087,India ICEMR Cross-Sectional,icemr_india_cx
EUPATH_0021087,India ICEMR Fever Surveillance,icemr_india_fever_surv
EUPATH_0021087,India ICEMR Severe P.vivax and falciparum Cohort,icemr_india_severe_malaria
EUPATH_0021087,PRISM2 ICEMR Cohort,icemr_prism2
EUPATH_0021087,PRISM2 ICEMR Border Cohort,icemr_prism2_border_cohort
EUPATH_0021087,South Asia ICEMR Surveillance,icemr_south_asia
EUPATH_0021087,West Africa ICEMR,icemr_west_africa
EUPATH_0021088,India ICEMR Cohort,icemr_india_cohort
EUPATH_0021088,India ICEMR Cross-Sectional,icemr_india_cx
EUPATH_0021089,India ICEMR Cohort,icemr_india_cohort
EUPATH_0021089,India ICEMR Cross-Sectional,icemr_india_cx
EUPATH_0021089,India ICEMR Fever Surveillance,icemr_india_fever_surv
EUPATH_0021089,India ICEMR Meghalaya Cohort,icemr_india_meghalaya
EUPATH_0021090,India ICEMR Cohort,icemr_india_cohort
EUPATH_0021090,India ICEMR Cross-Sectional,icemr_india_cx
EUPATH_0021090,India ICEMR DAMaN,icemr_india_daman
EUPATH_0021090,India ICEMR Fever Surveillance,icemr_india_fever_surv
EUPATH_0021090,India ICEMR Meghalaya Cohort,icemr_india_meghalaya
EUPATH_0021091,India ICEMR Cohort,icemr_india_cohort
EUPATH_0021091,India ICEMR Cross-Sectional,icemr_india_cx
EUPATH_0021091,India ICEMR Fever Surveillance,icemr_india_fever_surv
EUPATH_0021093,"avenir,baseline",gates_avenir
EUPATH_0021093,GANC,gates_ganc
EUPATH_0021093,Amazonia ICEMR Brazil Cohort,icemr_amazonia_brazil
EUPATH_0021093,Amazonia ICEMR Peru Cohort,icemr_amazonia_peru
EUPATH_0021093,India ICEMR Behavior Cross-sectional,icemr_india_behavior
EUPATH_0021093,India ICEMR Cohort,icemr_india_cohort
EUPATH_0021093,India ICEMR Cross-Sectional,icemr_india_cx
EUPATH_0021093,India ICEMR Meghalaya Cohort,icemr_india_meghalaya
EUPATH_0021093,India ICEMR Severe P.vivax and falciparum Cohort,icemr_india_severe_malaria
EUPATH_0021094,mordor,gates_mordor
EUPATH_0021094,PERCH Case Control,gates_perch
EUPATH_0021094,VIDA Case Control,gates_vida
EUPATH_0021094,VIDA HUCS Gambia Mali,gates_vida_hucs_gambia_mali
EUPATH_0021094,Amazonia ICEMR Peru Cohort,icemr_amazonia_peru
EUPATH_0021094,India ICEMR Cohort,icemr_india_cohort
EUPATH_0021094,India ICEMR Cross-Sectional,icemr_india_cx
EUPATH_0021094,Myanmar ICEMR,icemr_myanmar
EUPATH_0021094,South Asia ICEMR Surveillance,icemr_south_asia
EUPATH_0021094,Southern Africa ICEMR Cross-sectional,icemr_southern_africa
EUPATH_0021094,West Africa ICEMR,icemr_west_africa
EUPATH_0021095,India ICEMR Cohort,icemr_india_cohort
EUPATH_0021095,India ICEMR Cross-Sectional,icemr_india_cx
EUPATH_0021095,South Asia ICEMR Surveillance,icemr_south_asia
EUPATH_0021096,India ICEMR Cohort,icemr_india_cohort
EUPATH_0021096,India ICEMR Cross-Sectional,icemr_india_cx
EUPATH_0021096,India ICEMR Fever Surveillance,icemr_india_fever_surv
EUPATH_0021096,India ICEMR Meghalaya Cohort,icemr_india_meghalaya
EUPATH_0021096,Malawi ICEMR Case-Control,icemr_malawi
EUPATH_0021097,GANC,gates_ganc
EUPATH_0021097,LLINE UP Cluster Randomized Trial,gates_llineup
EUPATH_0021097,PROMOTE BC3 Cohort,general_promote
EUPATH_0021097,Amazonia ICEMR Brazil Cohort,icemr_amazonia_brazil
EUPATH_0021097,India ICEMR Behavior Cross-sectional,icemr_india_behavior
EUPATH_0021097,India ICEMR Cohort,icemr_india_cohort
EUPATH_0021097,India ICEMR Cross-Sectional,icemr_india_cx
EUPATH_0021097,India ICEMR Meghalaya Cohort,icemr_india_meghalaya
EUPATH_0021097,India ICEMR Severe P.vivax and falciparum Cohort,icemr_india_severe_malaria
EUPATH_0021097,Malawi ICEMR Case-Control,icemr_malawi
EUPATH_0021097,Myanmar ICEMR,icemr_myanmar
EUPATH_0021097,PRISM ICEMR Cohort,icemr_prism
EUPATH_0021097,PRISM2 ICEMR Cohort,icemr_prism2
EUPATH_0021097,PRISM2 ICEMR Border Cohort,icemr_prism2_border_cohort
EUPATH_0021097,Southern Africa ICEMR Cross-sectional,icemr_southern_africa
EUPATH_0021097,West Africa ICEMR,icemr_west_africa
EUPATH_0021099,"avenir,baseline",gates_avenir
EUPATH_0021099,India ICEMR Fever Surveillance,icemr_india_fever_surv
EUPATH_0021099,PRISM2 ICEMR Cohort,icemr_prism2
EUPATH_0021099,PRISM2 ICEMR Border Cohort,icemr_prism2_border_cohort
EUPATH_0021100,India ICEMR Fever Surveillance,icemr_india_fever_surv
EUPATH_0021100,PRISM2 ICEMR Cohort,icemr_prism2
EUPATH_0021100,PRISM2 ICEMR Border Cohort,icemr_prism2_border_cohort
EUPATH_0021101,PROMOTE BC3 Cohort,general_promote
EUPATH_0021101,India ICEMR Fever Surveillance,icemr_india_fever_surv
EUPATH_0021102,PROMOTE BC3 Cohort,general_promote
EUPATH_0021102,India ICEMR Fever Surveillance,icemr_india_fever_surv
EUPATH_0021103,India ICEMR Fever Surveillance,icemr_india_fever_surv
EUPATH_0021104,ELICIT,gates_elicit
EUPATH_0021104,Kalifabougou,general_kalifabougou
EUPATH_0021104,India ICEMR Fever Surveillance,icemr_india_fever_surv
EUPATH_0021105,India ICEMR Fever Surveillance,icemr_india_fever_surv
EUPATH_0021106,India ICEMR Fever Surveillance,icemr_india_fever_surv
EUPATH_0021107,India ICEMR Fever Surveillance,icemr_india_fever_surv
EUPATH_0021108,India ICEMR Fever Surveillance,icemr_india_fever_surv
EUPATH_0021109,India ICEMR Fever Surveillance,icemr_india_fever_surv
EUPATH_0021110,India ICEMR Fever Surveillance,icemr_india_fever_surv
EUPATH_0021111,India ICEMR Fever Surveillance,icemr_india_fever_surv
EUPATH_0021112,India ICEMR Fever Surveillance,icemr_india_fever_surv
EUPATH_0021113,India ICEMR Fever Surveillance,icemr_india_fever_surv
EUPATH_0021114,India ICEMR Fever Surveillance,icemr_india_fever_surv
EUPATH_0021115,India ICEMR Fever Surveillance,icemr_india_fever_surv
EUPATH_0021116,India ICEMR Fever Surveillance,icemr_india_fever_surv
EUPATH_0021117,India ICEMR Fever Surveillance,icemr_india_fever_surv
EUPATH_0021118,India ICEMR Fever Surveillance,icemr_india_fever_surv
EUPATH_0021119,India ICEMR Fever Surveillance,icemr_india_fever_surv
EUPATH_0021120,India ICEMR Fever Surveillance,icemr_india_fever_surv
EUPATH_0021121,India ICEMR Fever Surveillance,icemr_india_fever_surv
EUPATH_0021122,India ICEMR Fever Surveillance,icemr_india_fever_surv
EUPATH_0021123,India ICEMR Fever Surveillance,icemr_india_fever_surv
EUPATH_0021124,India ICEMR Fever Surveillance,icemr_india_fever_surv
EUPATH_0021125,India ICEMR Fever Surveillance,icemr_india_fever_surv
EUPATH_0021126,India ICEMR Fever Surveillance,icemr_india_fever_surv
EUPATH_0021127,India ICEMR Fever Surveillance,icemr_india_fever_surv
EUPATH_0021128,India ICEMR Fever Surveillance,icemr_india_fever_surv
EUPATH_0021129,India ICEMR Fever Surveillance,icemr_india_fever_surv
EUPATH_0021130,"avenir,baseline",gates_avenir
EUPATH_0021130,GAMIN RCT,gates_gamin
EUPATH_0021130,LLINE UP Cluster Randomized Trial,gates_llineup
EUPATH_0021130,Kalifabougou,general_kalifabougou
EUPATH_0021130,UMSP Surveillance,general_umsp
EUPATH_0021130,India ICEMR Behavior Cross-sectional,icemr_india_behavior
EUPATH_0021130,India ICEMR Cohort,icemr_india_cohort
EUPATH_0021130,India ICEMR Cross-Sectional,icemr_india_cx
EUPATH_0021130,India ICEMR DAMaN,icemr_india_daman
EUPATH_0021130,India ICEMR Fever Surveillance,icemr_india_fever_surv
EUPATH_0021130,India ICEMR Meghalaya Cohort,icemr_india_meghalaya
EUPATH_0021130,India ICEMR Severe P.vivax and falciparum Cohort,icemr_india_severe_malaria
EUPATH_0021130,Malawi ICEMR Case-Control,icemr_malawi
EUPATH_0021130,Myanmar ICEMR,icemr_myanmar
EUPATH_0021130,PRISM2 ICEMR Cohort,icemr_prism2
EUPATH_0021130,PRISM2 ICEMR Border Cohort,icemr_prism2_border_cohort
EUPATH_0021130,West Africa ICEMR,icemr_west_africa
EUPATH_0021131,India ICEMR Fever Surveillance,icemr_india_fever_surv
EUPATH_0021132,India ICEMR Fever Surveillance,icemr_india_fever_surv
EUPATH_0021132,India ICEMR Severe P.vivax and falciparum Cohort,icemr_india_severe_malaria
EUPATH_0021133,India ICEMR Fever Surveillance,icemr_india_fever_surv
EUPATH_0021133,India ICEMR Severe P.vivax and falciparum Cohort,icemr_india_severe_malaria
EUPATH_0021137,India ICEMR Fever Surveillance,icemr_india_fever_surv
EUPATH_0021138,India ICEMR Cross-Sectional,icemr_india_cx
EUPATH_0021139,India ICEMR Cross-Sectional,icemr_india_cx
EUPATH_0021140,India ICEMR Cross-Sectional,icemr_india_cx
EUPATH_0021141,India ICEMR Cross-Sectional,icemr_india_cx
EUPATH_0021142,India ICEMR Cross-Sectional,icemr_india_cx
EUPATH_0021143,GAMIN RCT,gates_gamin
EUPATH_0021143,LLINE UP Cluster Randomized Trial,gates_llineup
EUPATH_0021143,PERCH Case Control,gates_perch
EUPATH_0021143,Kalifabougou,general_kalifabougou
EUPATH_0021143,PROMOTE BC3 Cohort,general_promote
EUPATH_0021143,Amazonia ICEMR Brazil Cohort,icemr_amazonia_brazil
EUPATH_0021143,Amazonia ICEMR Peru Cohort,icemr_amazonia_peru
EUPATH_0021143,India ICEMR Behavior Cross-sectional,icemr_india_behavior
EUPATH_0021143,India ICEMR Cohort,icemr_india_cohort
EUPATH_0021143,India ICEMR Cross-Sectional,icemr_india_cx
EUPATH_0021143,India ICEMR Fever Surveillance,icemr_india_fever_surv
EUPATH_0021143,Malawi ICEMR Case-Control,icemr_malawi
EUPATH_0021143,PRISM ICEMR Cohort,icemr_prism
EUPATH_0021143,PRISM2 ICEMR Cohort,icemr_prism2
EUPATH_0021143,PRISM2 ICEMR Border Cohort,icemr_prism2_border_cohort
EUPATH_0021143,South Asia ICEMR Surveillance,icemr_south_asia
EUPATH_0021143,Southern Africa ICEMR Cross-sectional,icemr_southern_africa
EUPATH_0021143,West Africa ICEMR,icemr_west_africa
EUPATH_0021144,ELICIT,gates_elicit
EUPATH_0021144,PROMOTE BC3 Cohort,general_promote
EUPATH_0021144,India ICEMR Severe P.vivax and falciparum Cohort,icemr_india_severe_malaria
EUPATH_0021145,India ICEMR Severe P.vivax and falciparum Cohort,icemr_india_severe_malaria
EUPATH_0021146,India ICEMR Severe P.vivax and falciparum Cohort,icemr_india_severe_malaria
EUPATH_0021147,India ICEMR Severe P.vivax and falciparum Cohort,icemr_india_severe_malaria
EUPATH_0021148,India ICEMR Severe P.vivax and falciparum Cohort,icemr_india_severe_malaria
EUPATH_0021149,India ICEMR Severe P.vivax and falciparum Cohort,icemr_india_severe_malaria
EUPATH_0021150,India ICEMR Severe P.vivax and falciparum Cohort,icemr_india_severe_malaria
EUPATH_0021151,India ICEMR Severe P.vivax and falciparum Cohort,icemr_india_severe_malaria
EUPATH_0021152,India ICEMR Severe P.vivax and falciparum Cohort,icemr_india_severe_malaria
EUPATH_0021153,India ICEMR Severe P.vivax and falciparum Cohort,icemr_india_severe_malaria
EUPATH_0021155,India ICEMR Severe P.vivax and falciparum Cohort,icemr_india_severe_malaria
EUPATH_0021156,ELICIT,gates_elicit
EUPATH_0021156,India ICEMR Severe P.vivax and falciparum Cohort,icemr_india_severe_malaria
EUPATH_0021157,India ICEMR Severe P.vivax and falciparum Cohort,icemr_india_severe_malaria
EUPATH_0021158,Preventing Congenital Syphilis,gates_pcs
EUPATH_0021158,SIP,gates_sip
EUPATH_0021158,PROMOTE BC3 Cohort,general_promote
EUPATH_0021158,India ICEMR Severe P.vivax and falciparum Cohort,icemr_india_severe_malaria
EUPATH_0021159,SIP,gates_sip
EUPATH_0021159,India ICEMR Severe P.vivax and falciparum Cohort,icemr_india_severe_malaria
EUPATH_0021160,India ICEMR Severe P.vivax and falciparum Cohort,icemr_india_severe_malaria
EUPATH_0021161,India ICEMR Severe P.vivax and falciparum Cohort,icemr_india_severe_malaria
EUPATH_0021162,SIP,gates_sip
EUPATH_0021162,India ICEMR Severe P.vivax and falciparum Cohort,icemr_india_severe_malaria
EUPATH_0021163,India ICEMR Severe P.vivax and falciparum Cohort,icemr_india_severe_malaria
EUPATH_0021164,India ICEMR Severe P.vivax and falciparum Cohort,icemr_india_severe_malaria
EUPATH_0021165,India ICEMR Severe P.vivax and falciparum Cohort,icemr_india_severe_malaria
EUPATH_0021166,India ICEMR Severe P.vivax and falciparum Cohort,icemr_india_severe_malaria
EUPATH_0021167,India ICEMR Severe P.vivax and falciparum Cohort,icemr_india_severe_malaria
EUPATH_0021168,India ICEMR Severe P.vivax and falciparum Cohort,icemr_india_severe_malaria
EUPATH_0021169,India ICEMR Severe P.vivax and falciparum Cohort,icemr_india_severe_malaria
EUPATH_0021170,India ICEMR Severe P.vivax and falciparum Cohort,icemr_india_severe_malaria
EUPATH_0021171,India ICEMR Severe P.vivax and falciparum Cohort,icemr_india_severe_malaria
EUPATH_0021172,India ICEMR Severe P.vivax and falciparum Cohort,icemr_india_severe_malaria
EUPATH_0021173,India ICEMR Severe P.vivax and falciparum Cohort,icemr_india_severe_malaria
EUPATH_0021174,India ICEMR Severe P.vivax and falciparum Cohort,icemr_india_severe_malaria
EUPATH_0021175,India ICEMR Severe P.vivax and falciparum Cohort,icemr_india_severe_malaria
EUPATH_0021176,India ICEMR Severe P.vivax and falciparum Cohort,icemr_india_severe_malaria
EUPATH_0021177,India ICEMR Severe P.vivax and falciparum Cohort,icemr_india_severe_malaria
EUPATH_0021178,India ICEMR Severe P.vivax and falciparum Cohort,icemr_india_severe_malaria
EUPATH_0021179,India ICEMR Severe P.vivax and falciparum Cohort,icemr_india_severe_malaria
EUPATH_0021180,India ICEMR Severe P.vivax and falciparum Cohort,icemr_india_severe_malaria
EUPATH_0021181,India ICEMR Severe P.vivax and falciparum Cohort,icemr_india_severe_malaria
EUPATH_0021182,India ICEMR Severe P.vivax and falciparum Cohort,icemr_india_severe_malaria
EUPATH_0021183,India ICEMR Severe P.vivax and falciparum Cohort,icemr_india_severe_malaria
EUPATH_0021184,India ICEMR Severe P.vivax and falciparum Cohort,icemr_india_severe_malaria
EUPATH_0021185,India ICEMR Severe P.vivax and falciparum Cohort,icemr_india_severe_malaria
EUPATH_0021186,India ICEMR Severe P.vivax and falciparum Cohort,icemr_india_severe_malaria
EUPATH_0021187,India ICEMR Severe P.vivax and falciparum Cohort,icemr_india_severe_malaria
EUPATH_0021188,India ICEMR Severe P.vivax and falciparum Cohort,icemr_india_severe_malaria
EUPATH_0021189,India ICEMR Severe P.vivax and falciparum Cohort,icemr_india_severe_malaria
EUPATH_0021190,India ICEMR Severe P.vivax and falciparum Cohort,icemr_india_severe_malaria
EUPATH_0021191,India ICEMR Severe P.vivax and falciparum Cohort,icemr_india_severe_malaria
EUPATH_0021192,India ICEMR Severe P.vivax and falciparum Cohort,icemr_india_severe_malaria
EUPATH_0021193,India ICEMR Severe P.vivax and falciparum Cohort,icemr_india_severe_malaria
EUPATH_0021194,India ICEMR Severe P.vivax and falciparum Cohort,icemr_india_severe_malaria
EUPATH_0021195,India ICEMR Severe P.vivax and falciparum Cohort,icemr_india_severe_malaria
EUPATH_0021196,India ICEMR Severe P.vivax and falciparum Cohort,icemr_india_severe_malaria
EUPATH_0021197,India ICEMR Severe P.vivax and falciparum Cohort,icemr_india_severe_malaria
EUPATH_0021198,India ICEMR Severe P.vivax and falciparum Cohort,icemr_india_severe_malaria
EUPATH_0021199,India ICEMR Severe P.vivax and falciparum Cohort,icemr_india_severe_malaria
EUPATH_0021200,India ICEMR Severe P.vivax and falciparum Cohort,icemr_india_severe_malaria
EUPATH_0021201,India ICEMR Severe P.vivax and falciparum Cohort,icemr_india_severe_malaria
EUPATH_0021202,India ICEMR Severe P.vivax and falciparum Cohort,icemr_india_severe_malaria
EUPATH_0021203,India ICEMR Severe P.vivax and falciparum Cohort,icemr_india_severe_malaria
EUPATH_0021204,India ICEMR Severe P.vivax and falciparum Cohort,icemr_india_severe_malaria
EUPATH_0021205,India ICEMR Severe P.vivax and falciparum Cohort,icemr_india_severe_malaria
EUPATH_0021206,India ICEMR Severe P.vivax and falciparum Cohort,icemr_india_severe_malaria
EUPATH_0021207,India ICEMR Severe P.vivax and falciparum Cohort,icemr_india_severe_malaria
EUPATH_0021208,India ICEMR Severe P.vivax and falciparum Cohort,icemr_india_severe_malaria
EUPATH_0021209,India ICEMR Severe P.vivax and falciparum Cohort,icemr_india_severe_malaria
EUPATH_0021212,India ICEMR Severe P.vivax and falciparum Cohort,icemr_india_severe_malaria
EUPATH_0021213,India ICEMR Severe P.vivax and falciparum Cohort,icemr_india_severe_malaria
EUPATH_0021215,India ICEMR Severe P.vivax and falciparum Cohort,icemr_india_severe_malaria
EUPATH_0021217,India ICEMR Severe P.vivax and falciparum Cohort,icemr_india_severe_malaria
EUPATH_0021218,India ICEMR Severe P.vivax and falciparum Cohort,icemr_india_severe_malaria
EUPATH_0021219,India ICEMR Severe P.vivax and falciparum Cohort,icemr_india_severe_malaria
EUPATH_0021220,India ICEMR Severe P.vivax and falciparum Cohort,icemr_india_severe_malaria
EUPATH_0021221,India ICEMR Severe P.vivax and falciparum Cohort,icemr_india_severe_malaria
EUPATH_0021222,India ICEMR Severe P.vivax and falciparum Cohort,icemr_india_severe_malaria
EUPATH_0021223,ELICIT,gates_elicit
EUPATH_0021223,India ICEMR Severe P.vivax and falciparum Cohort,icemr_india_severe_malaria
EUPATH_0021224,India ICEMR Severe P.vivax and falciparum Cohort,icemr_india_severe_malaria
EUPATH_0021225,India ICEMR Severe P.vivax and falciparum Cohort,icemr_india_severe_malaria
EUPATH_0021226,India ICEMR Severe P.vivax and falciparum Cohort,icemr_india_severe_malaria
EUPATH_0021227,India ICEMR Severe P.vivax and falciparum Cohort,icemr_india_severe_malaria
EUPATH_0021228,India ICEMR Severe P.vivax and falciparum Cohort,icemr_india_severe_malaria
EUPATH_0021229,India ICEMR Severe P.vivax and falciparum Cohort,icemr_india_severe_malaria
EUPATH_0021230,India ICEMR Severe P.vivax and falciparum Cohort,icemr_india_severe_malaria
EUPATH_0021231,India ICEMR Severe P.vivax and falciparum Cohort,icemr_india_severe_malaria
EUPATH_0021232,PROMOTE BC3 Cohort,general_promote
EUPATH_0021232,India ICEMR Severe P.vivax and falciparum Cohort,icemr_india_severe_malaria
EUPATH_0021233,India ICEMR Severe P.vivax and falciparum Cohort,icemr_india_severe_malaria
EUPATH_0021234,India ICEMR Severe P.vivax and falciparum Cohort,icemr_india_severe_malaria
EUPATH_0021235,India ICEMR Behavior Cross-sectional,icemr_india_behavior
EUPATH_0021236,GANC,gates_ganc
EUPATH_0021236,India ICEMR Behavior Cross-sectional,icemr_india_behavior
EUPATH_0021236,India ICEMR Meghalaya Cohort,icemr_india_meghalaya
EUPATH_0021237,India ICEMR Behavior Cross-sectional,icemr_india_behavior
EUPATH_0021237,India ICEMR Meghalaya Cohort,icemr_india_meghalaya
EUPATH_0021238,India ICEMR Behavior Cross-sectional,icemr_india_behavior
EUPATH_0021239,India ICEMR Behavior Cross-sectional,icemr_india_behavior
EUPATH_0021240,India ICEMR Behavior Cross-sectional,icemr_india_behavior
EUPATH_0021240,India ICEMR Meghalaya Cohort,icemr_india_meghalaya
EUPATH_0021241,India ICEMR Behavior Cross-sectional,icemr_india_behavior
EUPATH_0021241,India ICEMR Meghalaya Cohort,icemr_india_meghalaya
EUPATH_0021242,India ICEMR Behavior Cross-sectional,icemr_india_behavior
EUPATH_0021242,India ICEMR Meghalaya Cohort,icemr_india_meghalaya
EUPATH_0021243,India ICEMR Behavior Cross-sectional,icemr_india_behavior
EUPATH_0021243,India ICEMR Meghalaya Cohort,icemr_india_meghalaya
EUPATH_0021244,India ICEMR Behavior Cross-sectional,icemr_india_behavior
EUPATH_0021244,India ICEMR Meghalaya Cohort,icemr_india_meghalaya
EUPATH_0021245,India ICEMR Behavior Cross-sectional,icemr_india_behavior
EUPATH_0021245,India ICEMR Meghalaya Cohort,icemr_india_meghalaya
EUPATH_0021246,India ICEMR Behavior Cross-sectional,icemr_india_behavior
EUPATH_0021246,India ICEMR Meghalaya Cohort,icemr_india_meghalaya
EUPATH_0021247,India ICEMR Behavior Cross-sectional,icemr_india_behavior
EUPATH_0021247,India ICEMR Meghalaya Cohort,icemr_india_meghalaya
EUPATH_0021248,India ICEMR Behavior Cross-sectional,icemr_india_behavior
EUPATH_0021248,India ICEMR Meghalaya Cohort,icemr_india_meghalaya
EUPATH_0021249,India ICEMR Behavior Cross-sectional,icemr_india_behavior
EUPATH_0021249,India ICEMR Meghalaya Cohort,icemr_india_meghalaya
EUPATH_0021250,India ICEMR Behavior Cross-sectional,icemr_india_behavior
EUPATH_0021250,India ICEMR Meghalaya Cohort,icemr_india_meghalaya
EUPATH_0021251,India ICEMR Behavior Cross-sectional,icemr_india_behavior
EUPATH_0021251,India ICEMR Meghalaya Cohort,icemr_india_meghalaya
EUPATH_0021252,India ICEMR Behavior Cross-sectional,icemr_india_behavior
EUPATH_0021252,India ICEMR Meghalaya Cohort,icemr_india_meghalaya
EUPATH_0021253,India ICEMR Behavior Cross-sectional,icemr_india_behavior
EUPATH_0021253,India ICEMR Meghalaya Cohort,icemr_india_meghalaya
EUPATH_0021254,India ICEMR Behavior Cross-sectional,icemr_india_behavior
EUPATH_0021254,India ICEMR Meghalaya Cohort,icemr_india_meghalaya
EUPATH_0021255,India ICEMR Behavior Cross-sectional,icemr_india_behavior
EUPATH_0021255,India ICEMR Meghalaya Cohort,icemr_india_meghalaya
EUPATH_0021256,India ICEMR Behavior Cross-sectional,icemr_india_behavior
EUPATH_0021256,India ICEMR Meghalaya Cohort,icemr_india_meghalaya
EUPATH_0021257,India ICEMR Behavior Cross-sectional,icemr_india_behavior
EUPATH_0021257,India ICEMR Meghalaya Cohort,icemr_india_meghalaya
EUPATH_0021258,India ICEMR Behavior Cross-sectional,icemr_india_behavior
EUPATH_0021258,India ICEMR Meghalaya Cohort,icemr_india_meghalaya
EUPATH_0021259,India ICEMR Behavior Cross-sectional,icemr_india_behavior
EUPATH_0021259,India ICEMR Meghalaya Cohort,icemr_india_meghalaya
EUPATH_0021260,India ICEMR Behavior Cross-sectional,icemr_india_behavior
EUPATH_0021261,India ICEMR Behavior Cross-sectional,icemr_india_behavior
EUPATH_0021262,India ICEMR Behavior Cross-sectional,icemr_india_behavior
EUPATH_0021263,India ICEMR Behavior Cross-sectional,icemr_india_behavior
EUPATH_0021263,India ICEMR Meghalaya Cohort,icemr_india_meghalaya
EUPATH_0021264,India ICEMR Behavior Cross-sectional,icemr_india_behavior
EUPATH_0021264,India ICEMR Meghalaya Cohort,icemr_india_meghalaya
EUPATH_0021265,India ICEMR Behavior Cross-sectional,icemr_india_behavior
EUPATH_0021265,India ICEMR Meghalaya Cohort,icemr_india_meghalaya
EUPATH_0021266,India ICEMR Behavior Cross-sectional,icemr_india_behavior
EUPATH_0021266,India ICEMR Meghalaya Cohort,icemr_india_meghalaya
EUPATH_0021267,India ICEMR Behavior Cross-sectional,icemr_india_behavior
EUPATH_0021268,India ICEMR Behavior Cross-sectional,icemr_india_behavior
EUPATH_0021268,India ICEMR Meghalaya Cohort,icemr_india_meghalaya
EUPATH_0021270,India ICEMR Behavior Cross-sectional,icemr_india_behavior
EUPATH_0021270,India ICEMR Meghalaya Cohort,icemr_india_meghalaya
EUPATH_0021271,India ICEMR Behavior Cross-sectional,icemr_india_behavior
EUPATH_0021271,India ICEMR Meghalaya Cohort,icemr_india_meghalaya
EUPATH_0021273,India ICEMR Behavior Cross-sectional,icemr_india_behavior
EUPATH_0021274,India ICEMR Behavior Cross-sectional,icemr_india_behavior
EUPATH_0021275,India ICEMR Behavior Cross-sectional,icemr_india_behavior
EUPATH_0021275,India ICEMR Meghalaya Cohort,icemr_india_meghalaya
EUPATH_0021276,India ICEMR Behavior Cross-sectional,icemr_india_behavior
EUPATH_0021276,India ICEMR Meghalaya Cohort,icemr_india_meghalaya
EUPATH_0021277,India ICEMR Behavior Cross-sectional,icemr_india_behavior
EUPATH_0021277,India ICEMR Meghalaya Cohort,icemr_india_meghalaya
EUPATH_0021278,India ICEMR Behavior Cross-sectional,icemr_india_behavior
EUPATH_0021279,India ICEMR Behavior Cross-sectional,icemr_india_behavior
EUPATH_0021280,India ICEMR Behavior Cross-sectional,icemr_india_behavior
EUPATH_0021281,India ICEMR Behavior Cross-sectional,icemr_india_behavior
EUPATH_0021282,India ICEMR Behavior Cross-sectional,icemr_india_behavior
EUPATH_0021283,India ICEMR Behavior Cross-sectional,icemr_india_behavior
EUPATH_0021284,India ICEMR Behavior Cross-sectional,icemr_india_behavior
EUPATH_0021285,India ICEMR Behavior Cross-sectional,icemr_india_behavior
EUPATH_0021286,India ICEMR Behavior Cross-sectional,icemr_india_behavior
EUPATH_0021286,India ICEMR Meghalaya Cohort,icemr_india_meghalaya
EUPATH_0021287,India ICEMR Behavior Cross-sectional,icemr_india_behavior
EUPATH_0021288,India ICEMR Behavior Cross-sectional,icemr_india_behavior
EUPATH_0021289,India ICEMR Behavior Cross-sectional,icemr_india_behavior
EUPATH_0021289,India ICEMR Meghalaya Cohort,icemr_india_meghalaya
EUPATH_0021290,India ICEMR Behavior Cross-sectional,icemr_india_behavior
EUPATH_0021290,India ICEMR Meghalaya Cohort,icemr_india_meghalaya
EUPATH_0021291,India ICEMR Behavior Cross-sectional,icemr_india_behavior
EUPATH_0021291,India ICEMR Meghalaya Cohort,icemr_india_meghalaya
EUPATH_0021292,India ICEMR Behavior Cross-sectional,icemr_india_behavior
EUPATH_0021293,India ICEMR Behavior Cross-sectional,icemr_india_behavior
EUPATH_0021294,India ICEMR Behavior Cross-sectional,icemr_india_behavior
EUPATH_0021294,India ICEMR Meghalaya Cohort,icemr_india_meghalaya
EUPATH_0021295,India ICEMR Behavior Cross-sectional,icemr_india_behavior
EUPATH_0021296,India ICEMR Behavior Cross-sectional,icemr_india_behavior
EUPATH_0021296,India ICEMR Meghalaya Cohort,icemr_india_meghalaya
EUPATH_0021296,Myanmar ICEMR,icemr_myanmar
EUPATH_0021297,India ICEMR Behavior Cross-sectional,icemr_india_behavior
EUPATH_0021299,India ICEMR Behavior Cross-sectional,icemr_india_behavior
EUPATH_0021300,India ICEMR Behavior Cross-sectional,icemr_india_behavior
EUPATH_0021301,India ICEMR Behavior Cross-sectional,icemr_india_behavior
EUPATH_0021301,India ICEMR Meghalaya Cohort,icemr_india_meghalaya
EUPATH_0021302,India ICEMR Behavior Cross-sectional,icemr_india_behavior
EUPATH_0021302,India ICEMR DAMaN,icemr_india_daman
EUPATH_0021302,India ICEMR Meghalaya Cohort,icemr_india_meghalaya
EUPATH_0021303,India ICEMR Behavior Cross-sectional,icemr_india_behavior
EUPATH_0021303,India ICEMR DAMaN,icemr_india_daman
EUPATH_0021303,India ICEMR Meghalaya Cohort,icemr_india_meghalaya
EUPATH_0021304,India ICEMR Behavior Cross-sectional,icemr_india_behavior
EUPATH_0021304,India ICEMR DAMaN,icemr_india_daman
EUPATH_0021304,India ICEMR Meghalaya Cohort,icemr_india_meghalaya
EUPATH_0021304,Myanmar ICEMR,icemr_myanmar
EUPATH_0021305,India ICEMR Behavior Cross-sectional,icemr_india_behavior
EUPATH_0021305,India ICEMR DAMaN,icemr_india_daman
EUPATH_0021305,India ICEMR Meghalaya Cohort,icemr_india_meghalaya
EUPATH_0021306,India ICEMR Behavior Cross-sectional,icemr_india_behavior
EUPATH_0021306,India ICEMR DAMaN,icemr_india_daman
EUPATH_0021306,India ICEMR Meghalaya Cohort,icemr_india_meghalaya
EUPATH_0021306,Myanmar ICEMR,icemr_myanmar
EUPATH_0021307,India ICEMR Behavior Cross-sectional,icemr_india_behavior
EUPATH_0021308,India ICEMR Behavior Cross-sectional,icemr_india_behavior
EUPATH_0021309,India ICEMR Behavior Cross-sectional,icemr_india_behavior
EUPATH_0021310,India ICEMR Behavior Cross-sectional,icemr_india_behavior
EUPATH_0022001,Amazonia ICEMR Brazil Cohort,icemr_amazonia_brazil
EUPATH_0022001,Amazonia ICEMR Peru Cohort,icemr_amazonia_peru
EUPATH_0022002,SHINE,gates_shine
EUPATH_0022002,Amazonia ICEMR Peru Cohort,icemr_amazonia_peru
EUPATH_0022003,Amazonia ICEMR Peru Cohort,icemr_amazonia_peru
EUPATH_0022004,Amazonia ICEMR Peru Cohort,icemr_amazonia_peru
EUPATH_0022005,Amazonia ICEMR Peru Cohort,icemr_amazonia_peru
EUPATH_0022006,Amazonia ICEMR Peru Cohort,icemr_amazonia_peru
EUPATH_0022007,Amazonia ICEMR Peru Cohort,icemr_amazonia_peru
EUPATH_0022008,Amazonia ICEMR Peru Cohort,icemr_amazonia_peru
EUPATH_0022009,Amazonia ICEMR Peru Cohort,icemr_amazonia_peru
EUPATH_0022010,Amazonia ICEMR Peru Cohort,icemr_amazonia_peru
EUPATH_0022011,WASHb BNG Cluster Randomized Trial,gates_washb_bangladesh
EUPATH_0022011,Amazonia ICEMR Peru Cohort,icemr_amazonia_peru
EUPATH_0022012,WASHb BNG Cluster Randomized Trial,gates_washb_bangladesh
EUPATH_0022012,Amazonia ICEMR Peru Cohort,icemr_amazonia_peru
EUPATH_0022013,Amazonia ICEMR Peru Cohort,icemr_amazonia_peru
EUPATH_0022014,Amazonia ICEMR Peru Cohort,icemr_amazonia_peru
EUPATH_0022015,SHINE,gates_shine
EUPATH_0022015,Amazonia ICEMR Peru Cohort,icemr_amazonia_peru
EUPATH_0022016,Amazonia ICEMR Peru Cohort,icemr_amazonia_peru
EUPATH_0022017,Amazonia ICEMR Peru Cohort,icemr_amazonia_peru
EUPATH_0022018,Amazonia ICEMR Peru Cohort,icemr_amazonia_peru
EUPATH_0022019,Amazonia ICEMR Peru Cohort,icemr_amazonia_peru
EUPATH_0022020,Amazonia ICEMR Peru Cohort,icemr_amazonia_peru
EUPATH_0022021,Amazonia ICEMR Peru Cohort,icemr_amazonia_peru
EUPATH_0022022,Amazonia ICEMR Peru Cohort,icemr_amazonia_peru
EUPATH_0022023,Amazonia ICEMR Peru Cohort,icemr_amazonia_peru
EUPATH_0022024,Amazonia ICEMR Peru Cohort,icemr_amazonia_peru
EUPATH_0022025,Amazonia ICEMR Peru Cohort,icemr_amazonia_peru
EUPATH_0022026,Amazonia ICEMR Peru Cohort,icemr_amazonia_peru
EUPATH_0022027,Amazonia ICEMR Brazil Cohort,icemr_amazonia_brazil
EUPATH_0022027,Amazonia ICEMR Peru Cohort,icemr_amazonia_peru
EUPATH_0022028,Amazonia ICEMR Brazil Cohort,icemr_amazonia_brazil
EUPATH_0022028,Amazonia ICEMR Peru Cohort,icemr_amazonia_peru
EUPATH_0022029,Amazonia ICEMR Peru Cohort,icemr_amazonia_peru
EUPATH_0022030,Amazonia ICEMR Peru Cohort,icemr_amazonia_peru
EUPATH_0022031,Amazonia ICEMR Peru Cohort,icemr_amazonia_peru
EUPATH_0022032,Amazonia ICEMR Peru Cohort,icemr_amazonia_peru
EUPATH_0022033,Amazonia ICEMR Peru Cohort,icemr_amazonia_peru
EUPATH_0022034,Amazonia ICEMR Peru Cohort,icemr_amazonia_peru
EUPATH_0022034,India ICEMR Meghalaya Cohort,icemr_india_meghalaya
EUPATH_0022034,Malawi ICEMR Case-Control,icemr_malawi
EUPATH_0022035,Amazonia ICEMR Peru Cohort,icemr_amazonia_peru
EUPATH_0022036,Amazonia ICEMR Peru Cohort,icemr_amazonia_peru
EUPATH_0022037,Amazonia ICEMR Peru Cohort,icemr_amazonia_peru
EUPATH_0022038,Amazonia ICEMR Peru Cohort,icemr_amazonia_peru
EUPATH_0022039,Amazonia ICEMR Peru Cohort,icemr_amazonia_peru
EUPATH_0022040,Amazonia ICEMR Peru Cohort,icemr_amazonia_peru
EUPATH_0022042,Amazonia ICEMR Peru Cohort,icemr_amazonia_peru
EUPATH_0022044,Amazonia ICEMR Peru Cohort,icemr_amazonia_peru
EUPATH_0022046,Amazonia ICEMR Peru Cohort,icemr_amazonia_peru
EUPATH_0022048,Amazonia ICEMR Peru Cohort,icemr_amazonia_peru
EUPATH_0022049,Amazonia ICEMR Peru Cohort,icemr_amazonia_peru
EUPATH_0022051,Amazonia ICEMR Peru Cohort,icemr_amazonia_peru
EUPATH_0022053,Amazonia ICEMR Brazil Cohort,icemr_amazonia_brazil
EUPATH_0022053,Amazonia ICEMR Peru Cohort,icemr_amazonia_peru
EUPATH_0022053,West Africa ICEMR,icemr_west_africa
EUPATH_0022054,Malawi ICEMR Case-Control,icemr_malawi
EUPATH_0022055,Amazonia ICEMR Peru Cohort,icemr_amazonia_peru
EUPATH_0022056,Amazonia ICEMR Peru Cohort,icemr_amazonia_peru
EUPATH_0022057,Amazonia ICEMR Peru Cohort,icemr_amazonia_peru
EUPATH_0022058,Amazonia ICEMR Peru Cohort,icemr_amazonia_peru
EUPATH_0022059,Amazonia ICEMR Peru Cohort,icemr_amazonia_peru
EUPATH_0022060,Amazonia ICEMR Peru Cohort,icemr_amazonia_peru
EUPATH_0022061,Amazonia ICEMR Peru Cohort,icemr_amazonia_peru
EUPATH_0022062,Amazonia ICEMR Peru Cohort,icemr_amazonia_peru
EUPATH_0022063,Amazonia ICEMR Peru Cohort,icemr_amazonia_peru
EUPATH_0022064,Amazonia ICEMR Peru Cohort,icemr_amazonia_peru
EUPATH_0022065,Amazonia ICEMR Peru Cohort,icemr_amazonia_peru
EUPATH_0022066,Kalifabougou,general_kalifabougou
EUPATH_0022066,Amazonia ICEMR Brazil Cohort,icemr_amazonia_brazil
EUPATH_0022066,India ICEMR Behavior Cross-sectional,icemr_india_behavior
EUPATH_0022066,India ICEMR DAMaN,icemr_india_daman
EUPATH_0022066,India ICEMR Meghalaya Cohort,icemr_india_meghalaya
EUPATH_0022066,Myanmar ICEMR,icemr_myanmar
EUPATH_0022066,PRISM2 ICEMR Cohort,icemr_prism2
EUPATH_0022066,PRISM2 ICEMR Border Cohort,icemr_prism2_border_cohort
EUPATH_0022068,mordor,gates_mordor
EUPATH_0022068,PROVIDE Randomized Controlled Trial,gates_provide
EUPATH_0022068,Amazonia ICEMR Brazil Cohort,icemr_amazonia_brazil
EUPATH_0022068,Amazonia ICEMR Peru Cohort,icemr_amazonia_peru
EUPATH_0022068,South Asia ICEMR Surveillance,icemr_south_asia
EUPATH_0022068,Southern Africa ICEMR Cross-sectional,icemr_southern_africa
EUPATH_0022069,Amazonia ICEMR Brazil Cohort,icemr_amazonia_brazil
EUPATH_0022070,Amazonia ICEMR Brazil Cohort,icemr_amazonia_brazil
EUPATH_0022071,Amazonia ICEMR Brazil Cohort,icemr_amazonia_brazil
EUPATH_0022072,Amazonia ICEMR Brazil Cohort,icemr_amazonia_brazil
EUPATH_0022073,Amazonia ICEMR Brazil Cohort,icemr_amazonia_brazil
EUPATH_0022074,Amazonia ICEMR Brazil Cohort,icemr_amazonia_brazil
EUPATH_0022075,Amazonia ICEMR Brazil Cohort,icemr_amazonia_brazil
EUPATH_0022076,Amazonia ICEMR Brazil Cohort,icemr_amazonia_brazil
EUPATH_0022077,Amazonia ICEMR Brazil Cohort,icemr_amazonia_brazil
EUPATH_0022078,Amazonia ICEMR Brazil Cohort,icemr_amazonia_brazil
EUPATH_0022079,Amazonia ICEMR Brazil Cohort,icemr_amazonia_brazil
EUPATH_0022080,Amazonia ICEMR Brazil Cohort,icemr_amazonia_brazil
EUPATH_0022081,Amazonia ICEMR Brazil Cohort,icemr_amazonia_brazil
EUPATH_0022082,Amazonia ICEMR Brazil Cohort,icemr_amazonia_brazil
EUPATH_0022083,Amazonia ICEMR Brazil Cohort,icemr_amazonia_brazil
EUPATH_0022084,Amazonia ICEMR Brazil Cohort,icemr_amazonia_brazil
EUPATH_0022085,Amazonia ICEMR Brazil Cohort,icemr_amazonia_brazil
EUPATH_0022086,Amazonia ICEMR Brazil Cohort,icemr_amazonia_brazil
EUPATH_0022087,Amazonia ICEMR Brazil Cohort,icemr_amazonia_brazil
EUPATH_0022088,"avenir,baseline",gates_avenir
EUPATH_0022088,Amazonia ICEMR Brazil Cohort,icemr_amazonia_brazil
EUPATH_0022089,Amazonia ICEMR Brazil Cohort,icemr_amazonia_brazil
EUPATH_0022090,Amazonia ICEMR Brazil Cohort,icemr_amazonia_brazil
EUPATH_0022091,Amazonia ICEMR Brazil Cohort,icemr_amazonia_brazil
EUPATH_0022092,Amazonia ICEMR Brazil Cohort,icemr_amazonia_brazil
EUPATH_0022093,Amazonia ICEMR Brazil Cohort,icemr_amazonia_brazil
EUPATH_0022094,Amazonia ICEMR Brazil Cohort,icemr_amazonia_brazil
EUPATH_0022095,Amazonia ICEMR Brazil Cohort,icemr_amazonia_brazil
EUPATH_0022096,Amazonia ICEMR Brazil Cohort,icemr_amazonia_brazil
EUPATH_0022097,Amazonia ICEMR Brazil Cohort,icemr_amazonia_brazil
EUPATH_0022098,Amazonia ICEMR Brazil Cohort,icemr_amazonia_brazil
EUPATH_0022099,Amazonia ICEMR Brazil Cohort,icemr_amazonia_brazil
EUPATH_0022100,Amazonia ICEMR Brazil Cohort,icemr_amazonia_brazil
EUPATH_0022101,Amazonia ICEMR Brazil Cohort,icemr_amazonia_brazil
EUPATH_0022101,India ICEMR Behavior Cross-sectional,icemr_india_behavior
EUPATH_0022101,India ICEMR DAMaN,icemr_india_daman
EUPATH_0022103,SHINE,gates_shine
EUPATH_0022103,Amazonia ICEMR Brazil Cohort,icemr_amazonia_brazil
EUPATH_0022104,Amazonia ICEMR Brazil Cohort,icemr_amazonia_brazil
EUPATH_0022105,Amazonia ICEMR Brazil Cohort,icemr_amazonia_brazil
EUPATH_0022106,Amazonia ICEMR Brazil Cohort,icemr_amazonia_brazil
EUPATH_0022107,Amazonia ICEMR Brazil Cohort,icemr_amazonia_brazil
EUPATH_0022108,PROMOTE BC3 Cohort,general_promote
EUPATH_0022108,Amazonia ICEMR Brazil Cohort,icemr_amazonia_brazil
EUPATH_0022109,Amazonia ICEMR Brazil Cohort,icemr_amazonia_brazil
EUPATH_0022110,Amazonia ICEMR Brazil Cohort,icemr_amazonia_brazil
EUPATH_0022111,PROMOTE BC3 Cohort,general_promote
EUPATH_0022111,Amazonia ICEMR Brazil Cohort,icemr_amazonia_brazil
EUPATH_0022112,Amazonia ICEMR Brazil Cohort,icemr_amazonia_brazil
EUPATH_0022112,India ICEMR DAMaN,icemr_india_daman
EUPATH_0022113,Amazonia ICEMR Brazil Cohort,icemr_amazonia_brazil
EUPATH_0022114,Amazonia ICEMR Brazil Cohort,icemr_amazonia_brazil
EUPATH_0022115,Amazonia ICEMR Brazil Cohort,icemr_amazonia_brazil
EUPATH_0022116,Amazonia ICEMR Brazil Cohort,icemr_amazonia_brazil
EUPATH_0022116,Myanmar ICEMR,icemr_myanmar
EUPATH_0022117,Amazonia ICEMR Brazil Cohort,icemr_amazonia_brazil
EUPATH_0022118,Amazonia ICEMR Brazil Cohort,icemr_amazonia_brazil
EUPATH_0022119,Amazonia ICEMR Brazil Cohort,icemr_amazonia_brazil
EUPATH_0022120,Amazonia ICEMR Brazil Cohort,icemr_amazonia_brazil
EUPATH_0022121,Amazonia ICEMR Brazil Cohort,icemr_amazonia_brazil
EUPATH_0022122,Amazonia ICEMR Brazil Cohort,icemr_amazonia_brazil
EUPATH_0022123,Amazonia ICEMR Brazil Cohort,icemr_amazonia_brazil
EUPATH_0022124,Amazonia ICEMR Brazil Cohort,icemr_amazonia_brazil
EUPATH_0022125,Amazonia ICEMR Brazil Cohort,icemr_amazonia_brazil
EUPATH_0022126,Amazonia ICEMR Brazil Cohort,icemr_amazonia_brazil
EUPATH_0022127,Amazonia ICEMR Brazil Cohort,icemr_amazonia_brazil
EUPATH_0022128,Amazonia ICEMR Brazil Cohort,icemr_amazonia_brazil
EUPATH_0022129,Amazonia ICEMR Brazil Cohort,icemr_amazonia_brazil
EUPATH_0022130,Amazonia ICEMR Brazil Cohort,icemr_amazonia_brazil
EUPATH_0022131,Amazonia ICEMR Brazil Cohort,icemr_amazonia_brazil
EUPATH_0022132,Amazonia ICEMR Brazil Cohort,icemr_amazonia_brazil
EUPATH_0022133,Amazonia ICEMR Brazil Cohort,icemr_amazonia_brazil
EUPATH_0022134,Amazonia ICEMR Brazil Cohort,icemr_amazonia_brazil
EUPATH_0022135,Amazonia ICEMR Brazil Cohort,icemr_amazonia_brazil
EUPATH_0022136,Amazonia ICEMR Brazil Cohort,icemr_amazonia_brazil
EUPATH_0022137,Amazonia ICEMR Brazil Cohort,icemr_amazonia_brazil
EUPATH_0022138,Amazonia ICEMR Brazil Cohort,icemr_amazonia_brazil
EUPATH_0022139,Amazonia ICEMR Brazil Cohort,icemr_amazonia_brazil
EUPATH_0022140,Amazonia ICEMR Brazil Cohort,icemr_amazonia_brazil
EUPATH_0022141,Amazonia ICEMR Brazil Cohort,icemr_amazonia_brazil
EUPATH_0022142,Amazonia ICEMR Brazil Cohort,icemr_amazonia_brazil
EUPATH_0022143,Amazonia ICEMR Brazil Cohort,icemr_amazonia_brazil
EUPATH_0022144,Amazonia ICEMR Brazil Cohort,icemr_amazonia_brazil
EUPATH_0022145,Amazonia ICEMR Brazil Cohort,icemr_amazonia_brazil
EUPATH_0022146,Amazonia ICEMR Brazil Cohort,icemr_amazonia_brazil
EUPATH_0022147,Amazonia ICEMR Brazil Cohort,icemr_amazonia_brazil
EUPATH_0022148,Amazonia ICEMR Brazil Cohort,icemr_amazonia_brazil
EUPATH_0022149,Amazonia ICEMR Brazil Cohort,icemr_amazonia_brazil
EUPATH_0022150,Amazonia ICEMR Brazil Cohort,icemr_amazonia_brazil
EUPATH_0022151,Amazonia ICEMR Brazil Cohort,icemr_amazonia_brazil
EUPATH_0022152,Amazonia ICEMR Brazil Cohort,icemr_amazonia_brazil
EUPATH_0022153,Amazonia ICEMR Brazil Cohort,icemr_amazonia_brazil
EUPATH_0022154,Amazonia ICEMR Brazil Cohort,icemr_amazonia_brazil
EUPATH_0022155,Amazonia ICEMR Brazil Cohort,icemr_amazonia_brazil
EUPATH_0022156,Amazonia ICEMR Brazil Cohort,icemr_amazonia_brazil
EUPATH_0022157,Amazonia ICEMR Brazil Cohort,icemr_amazonia_brazil
EUPATH_0022158,Amazonia ICEMR Brazil Cohort,icemr_amazonia_brazil
EUPATH_0022159,Amazonia ICEMR Brazil Cohort,icemr_amazonia_brazil
EUPATH_0022160,Amazonia ICEMR Brazil Cohort,icemr_amazonia_brazil
EUPATH_0022161,Amazonia ICEMR Brazil Cohort,icemr_amazonia_brazil
EUPATH_0022162,Amazonia ICEMR Brazil Cohort,icemr_amazonia_brazil
EUPATH_0022163,Amazonia ICEMR Brazil Cohort,icemr_amazonia_brazil
EUPATH_0022166,Amazonia ICEMR Brazil Cohort,icemr_amazonia_brazil
EUPATH_0022167,Amazonia ICEMR Brazil Cohort,icemr_amazonia_brazil
EUPATH_0022168,Amazonia ICEMR Brazil Cohort,icemr_amazonia_brazil
EUPATH_0022168,India ICEMR Behavior Cross-sectional,icemr_india_behavior
EUPATH_0022169,Amazonia ICEMR Brazil Cohort,icemr_amazonia_brazil
EUPATH_0022169,India ICEMR Meghalaya Cohort,icemr_india_meghalaya
EUPATH_0022170,Amazonia ICEMR Brazil Cohort,icemr_amazonia_brazil
EUPATH_0022171,Amazonia ICEMR Brazil Cohort,icemr_amazonia_brazil
EUPATH_0022172,Amazonia ICEMR Brazil Cohort,icemr_amazonia_brazil
EUPATH_0022172,PRISM2 ICEMR Cohort,icemr_prism2
EUPATH_0022173,Amazonia ICEMR Brazil Cohort,icemr_amazonia_brazil
EUPATH_0022174,Amazonia ICEMR Brazil Cohort,icemr_amazonia_brazil
EUPATH_0022175,Amazonia ICEMR Brazil Cohort,icemr_amazonia_brazil
EUPATH_0022176,Amazonia ICEMR Brazil Cohort,icemr_amazonia_brazil
EUPATH_0022177,Amazonia ICEMR Brazil Cohort,icemr_amazonia_brazil
EUPATH_0022178,Amazonia ICEMR Brazil Cohort,icemr_amazonia_brazil
EUPATH_0022179,Amazonia ICEMR Brazil Cohort,icemr_amazonia_brazil
EUPATH_0022180,Amazonia ICEMR Brazil Cohort,icemr_amazonia_brazil
EUPATH_0022181,Amazonia ICEMR Brazil Cohort,icemr_amazonia_brazil
EUPATH_0022182,Amazonia ICEMR Brazil Cohort,icemr_amazonia_brazil
EUPATH_0022183,Amazonia ICEMR Brazil Cohort,icemr_amazonia_brazil
EUPATH_0022184,Amazonia ICEMR Brazil Cohort,icemr_amazonia_brazil
EUPATH_0022185,Amazonia ICEMR Brazil Cohort,icemr_amazonia_brazil
EUPATH_0022186,Amazonia ICEMR Brazil Cohort,icemr_amazonia_brazil
EUPATH_0022187,Amazonia ICEMR Brazil Cohort,icemr_amazonia_brazil
EUPATH_0022187,Southern Africa ICEMR Cross-sectional,icemr_southern_africa
EUPATH_0022188,Amazonia ICEMR Brazil Cohort,icemr_amazonia_brazil
EUPATH_0022189,Amazonia ICEMR Brazil Cohort,icemr_amazonia_brazil
EUPATH_0022189,India ICEMR Severe P.vivax and falciparum Cohort,icemr_india_severe_malaria
EUPATH_0022190,Amazonia ICEMR Brazil Cohort,icemr_amazonia_brazil
EUPATH_0022191,Amazonia ICEMR Brazil Cohort,icemr_amazonia_brazil
EUPATH_0022192,Amazonia ICEMR Brazil Cohort,icemr_amazonia_brazil
EUPATH_0022193,Amazonia ICEMR Brazil Cohort,icemr_amazonia_brazil
EUPATH_0022194,Amazonia ICEMR Brazil Cohort,icemr_amazonia_brazil
EUPATH_0022195,WASH Benefits Kenya Cluster Randomized Trial,gates_washb_kenya
EUPATH_0022195,Amazonia ICEMR Brazil Cohort,icemr_amazonia_brazil
EUPATH_0022196,Amazonia ICEMR Brazil Cohort,icemr_amazonia_brazil
EUPATH_0022197,WASH Benefits Kenya Cluster Randomized Trial,gates_washb_kenya
EUPATH_0022197,Amazonia ICEMR Brazil Cohort,icemr_amazonia_brazil
EUPATH_0022198,Amazonia ICEMR Brazil Cohort,icemr_amazonia_brazil
EUPATH_0022199,Amazonia ICEMR Brazil Cohort,icemr_amazonia_brazil
EUPATH_0022200,Amazonia ICEMR Brazil Cohort,icemr_amazonia_brazil
EUPATH_0022201,Amazonia ICEMR Brazil Cohort,icemr_amazonia_brazil
EUPATH_0022202,Amazonia ICEMR Brazil Cohort,icemr_amazonia_brazil
EUPATH_0022203,Amazonia ICEMR Brazil Cohort,icemr_amazonia_brazil
EUPATH_0022204,Amazonia ICEMR Brazil Cohort,icemr_amazonia_brazil
EUPATH_0022205,Amazonia ICEMR Brazil Cohort,icemr_amazonia_brazil
EUPATH_0022206,Amazonia ICEMR Brazil Cohort,icemr_amazonia_brazil
EUPATH_0022207,Amazonia ICEMR Brazil Cohort,icemr_amazonia_brazil
EUPATH_0022208,Amazonia ICEMR Brazil Cohort,icemr_amazonia_brazil
EUPATH_0022209,Amazonia ICEMR Brazil Cohort,icemr_amazonia_brazil
EUPATH_0022210,Amazonia ICEMR Brazil Cohort,icemr_amazonia_brazil
EUPATH_0022211,Amazonia ICEMR Brazil Cohort,icemr_amazonia_brazil
EUPATH_0022212,Amazonia ICEMR Brazil Cohort,icemr_amazonia_brazil
EUPATH_0022213,Amazonia ICEMR Brazil Cohort,icemr_amazonia_brazil
EUPATH_0022214,Amazonia ICEMR Brazil Cohort,icemr_amazonia_brazil
EUPATH_0022215,Amazonia ICEMR Brazil Cohort,icemr_amazonia_brazil
EUPATH_0022216,Amazonia ICEMR Brazil Cohort,icemr_amazonia_brazil
EUPATH_0022217,Amazonia ICEMR Brazil Cohort,icemr_amazonia_brazil
EUPATH_0022218,Amazonia ICEMR Brazil Cohort,icemr_amazonia_brazil
EUPATH_0022219,Amazonia ICEMR Brazil Cohort,icemr_amazonia_brazil
EUPATH_0022220,Amazonia ICEMR Brazil Cohort,icemr_amazonia_brazil
EUPATH_0022221,Amazonia ICEMR Brazil Cohort,icemr_amazonia_brazil
EUPATH_0022222,Amazonia ICEMR Brazil Cohort,icemr_amazonia_brazil
EUPATH_0022223,Amazonia ICEMR Brazil Cohort,icemr_amazonia_brazil
EUPATH_0022224,Amazonia ICEMR Brazil Cohort,icemr_amazonia_brazil
EUPATH_0022225,Amazonia ICEMR Brazil Cohort,icemr_amazonia_brazil
EUPATH_0022226,Amazonia ICEMR Brazil Cohort,icemr_amazonia_brazil
EUPATH_0022227,Amazonia ICEMR Brazil Cohort,icemr_amazonia_brazil
EUPATH_0022228,Amazonia ICEMR Brazil Cohort,icemr_amazonia_brazil
EUPATH_0022229,Amazonia ICEMR Brazil Cohort,icemr_amazonia_brazil
EUPATH_0022230,Amazonia ICEMR Brazil Cohort,icemr_amazonia_brazil
EUPATH_0022231,Amazonia ICEMR Brazil Cohort,icemr_amazonia_brazil
EUPATH_0022232,Amazonia ICEMR Brazil Cohort,icemr_amazonia_brazil
EUPATH_0022233,Amazonia ICEMR Brazil Cohort,icemr_amazonia_brazil
EUPATH_0022234,Amazonia ICEMR Brazil Cohort,icemr_amazonia_brazil
EUPATH_0022235,Amazonia ICEMR Brazil Cohort,icemr_amazonia_brazil
EUPATH_0022236,Amazonia ICEMR Brazil Cohort,icemr_amazonia_brazil
EUPATH_0022237,Amazonia ICEMR Brazil Cohort,icemr_amazonia_brazil
EUPATH_0022238,Amazonia ICEMR Brazil Cohort,icemr_amazonia_brazil
EUPATH_0022239,Amazonia ICEMR Brazil Cohort,icemr_amazonia_brazil
EUPATH_0022240,Amazonia ICEMR Brazil Cohort,icemr_amazonia_brazil
EUPATH_0022241,Amazonia ICEMR Brazil Cohort,icemr_amazonia_brazil
EUPATH_0022242,Amazonia ICEMR Brazil Cohort,icemr_amazonia_brazil
EUPATH_0022243,Amazonia ICEMR Brazil Cohort,icemr_amazonia_brazil
EUPATH_0022244,Amazonia ICEMR Brazil Cohort,icemr_amazonia_brazil
EUPATH_0022245,Amazonia ICEMR Brazil Cohort,icemr_amazonia_brazil
EUPATH_0022246,Amazonia ICEMR Brazil Cohort,icemr_amazonia_brazil
EUPATH_0022247,Amazonia ICEMR Brazil Cohort,icemr_amazonia_brazil
EUPATH_0022247,Amazonia ICEMR Peru Cohort,icemr_amazonia_peru
EUPATH_0022248,Amazonia ICEMR Brazil Cohort,icemr_amazonia_brazil
EUPATH_0022249,Amazonia ICEMR Brazil Cohort,icemr_amazonia_brazil
EUPATH_0022250,Amazonia ICEMR Brazil Cohort,icemr_amazonia_brazil
EUPATH_0022251,Amazonia ICEMR Brazil Cohort,icemr_amazonia_brazil
EUPATH_0022252,Amazonia ICEMR Brazil Cohort,icemr_amazonia_brazil
EUPATH_0022253,Amazonia ICEMR Brazil Cohort,icemr_amazonia_brazil
EUPATH_0022254,Amazonia ICEMR Brazil Cohort,icemr_amazonia_brazil
EUPATH_0022255,Amazonia ICEMR Brazil Cohort,icemr_amazonia_brazil
EUPATH_0022256,GANC,gates_ganc
EUPATH_0022256,Amazonia ICEMR Brazil Cohort,icemr_amazonia_brazil
EUPATH_0022257,Amazonia ICEMR Brazil Cohort,icemr_amazonia_brazil
EUPATH_0022258,Amazonia ICEMR Brazil Cohort,icemr_amazonia_brazil
EUPATH_0022259,Amazonia ICEMR Brazil Cohort,icemr_amazonia_brazil
EUPATH_0022260,Amazonia ICEMR Brazil Cohort,icemr_amazonia_brazil
EUPATH_0022261,Amazonia ICEMR Brazil Cohort,icemr_amazonia_brazil
EUPATH_0022262,Amazonia ICEMR Brazil Cohort,icemr_amazonia_brazil
EUPATH_0022263,Amazonia ICEMR Brazil Cohort,icemr_amazonia_brazil
EUPATH_0022264,Amazonia ICEMR Brazil Cohort,icemr_amazonia_brazil
EUPATH_0022264,Amazonia ICEMR Peru Cohort,icemr_amazonia_peru
EUPATH_0022265,Amazonia ICEMR Brazil Cohort,icemr_amazonia_brazil
EUPATH_0022266,Amazonia ICEMR Brazil Cohort,icemr_amazonia_brazil
EUPATH_0022267,Amazonia ICEMR Brazil Cohort,icemr_amazonia_brazil
EUPATH_0022268,Amazonia ICEMR Brazil Cohort,icemr_amazonia_brazil
EUPATH_0022268,India ICEMR Severe P.vivax and falciparum Cohort,icemr_india_severe_malaria
EUPATH_0022269,Amazonia ICEMR Peru Cohort,icemr_amazonia_peru
EUPATH_0022270,GAMIN RCT,gates_gamin
EUPATH_0022270,LLINE UP Cluster Randomized Trial,gates_llineup
EUPATH_0022270,Kalifabougou,general_kalifabougou
EUPATH_0022270,PROMOTE BC3 Cohort,general_promote
EUPATH_0022270,Amazonia ICEMR Brazil Cohort,icemr_amazonia_brazil
EUPATH_0022270,Amazonia ICEMR Peru Cohort,icemr_amazonia_peru
EUPATH_0022270,India ICEMR Behavior Cross-sectional,icemr_india_behavior
EUPATH_0022270,India ICEMR Cohort,icemr_india_cohort
EUPATH_0022270,India ICEMR Cross-Sectional,icemr_india_cx
EUPATH_0022270,India ICEMR Fever Surveillance,icemr_india_fever_surv
EUPATH_0022270,Malawi ICEMR Case-Control,icemr_malawi
EUPATH_0022270,PRISM ICEMR Cohort,icemr_prism
EUPATH_0022270,PRISM2 ICEMR Cohort,icemr_prism2
EUPATH_0022270,PRISM2 ICEMR Border Cohort,icemr_prism2_border_cohort
EUPATH_0022270,South Asia ICEMR Surveillance,icemr_south_asia
EUPATH_0022270,Southern Africa ICEMR Cross-sectional,icemr_southern_africa
EUPATH_0022270,West Africa ICEMR,icemr_west_africa
EUPATH_0022273,Amazonia ICEMR Peru Cohort,icemr_amazonia_peru
EUPATH_0023002,South Asia ICEMR Surveillance,icemr_south_asia
EUPATH_0023004,South Asia ICEMR Surveillance,icemr_south_asia
EUPATH_0023005,ELICIT,gates_elicit
EUPATH_0023005,India ICEMR Severe P.vivax and falciparum Cohort,icemr_india_severe_malaria
EUPATH_0023005,South Asia ICEMR Surveillance,icemr_south_asia
EUPATH_0023006,South Asia ICEMR Surveillance,icemr_south_asia
EUPATH_0023007,South Asia ICEMR Surveillance,icemr_south_asia
EUPATH_0023008,South Asia ICEMR Surveillance,icemr_south_asia
EUPATH_0023009,South Asia ICEMR Surveillance,icemr_south_asia
EUPATH_0023010,South Asia ICEMR Surveillance,icemr_south_asia
EUPATH_0023011,ELICIT,gates_elicit
EUPATH_0023011,India ICEMR Severe P.vivax and falciparum Cohort,icemr_india_severe_malaria
EUPATH_0023011,South Asia ICEMR Surveillance,icemr_south_asia
EUPATH_0023012,South Asia ICEMR Surveillance,icemr_south_asia
EUPATH_0023013,South Asia ICEMR Surveillance,icemr_south_asia
EUPATH_0023014,India ICEMR Severe P.vivax and falciparum Cohort,icemr_india_severe_malaria
EUPATH_0023014,South Asia ICEMR Surveillance,icemr_south_asia
EUPATH_0023015,India ICEMR Severe P.vivax and falciparum Cohort,icemr_india_severe_malaria
EUPATH_0023015,South Asia ICEMR Surveillance,icemr_south_asia
EUPATH_0023016,South Asia ICEMR Surveillance,icemr_south_asia
EUPATH_0023017,India ICEMR Severe P.vivax and falciparum Cohort,icemr_india_severe_malaria
EUPATH_0023017,South Asia ICEMR Surveillance,icemr_south_asia
EUPATH_0023018,GAMIN RCT,gates_gamin
EUPATH_0023018,PRISM2 ICEMR Cohort,icemr_prism2
EUPATH_0023018,PRISM2 ICEMR Border Cohort,icemr_prism2_border_cohort
EUPATH_0023018,South Asia ICEMR Surveillance,icemr_south_asia
EUPATH_0023018,Southern Africa ICEMR Cross-sectional,icemr_southern_africa
EUPATH_0023019,South Asia ICEMR Surveillance,icemr_south_asia
EUPATH_0023020,South Asia ICEMR Surveillance,icemr_south_asia
EUPATH_0023021,South Asia ICEMR Surveillance,icemr_south_asia
EUPATH_0023022,South Asia ICEMR Surveillance,icemr_south_asia
EUPATH_0023023,South Asia ICEMR Surveillance,icemr_south_asia
EUPATH_0023024,South Asia ICEMR Surveillance,icemr_south_asia
EUPATH_0023025,South Asia ICEMR Surveillance,icemr_south_asia
EUPATH_0023026,South Asia ICEMR Surveillance,icemr_south_asia
EUPATH_0023027,South Asia ICEMR Surveillance,icemr_south_asia
EUPATH_0023028,South Asia ICEMR Surveillance,icemr_south_asia
EUPATH_0023029,South Asia ICEMR Surveillance,icemr_south_asia
EUPATH_0023030,South Asia ICEMR Surveillance,icemr_south_asia
EUPATH_0023031,South Asia ICEMR Surveillance,icemr_south_asia
EUPATH_0023032,South Asia ICEMR Surveillance,icemr_south_asia
EUPATH_0023033,South Asia ICEMR Surveillance,icemr_south_asia
EUPATH_0023033,Southern Africa ICEMR Cross-sectional,icemr_southern_africa
EUPATH_0023034,South Asia ICEMR Surveillance,icemr_south_asia
EUPATH_0023035,South Asia ICEMR Surveillance,icemr_south_asia
EUPATH_0023036,South Asia ICEMR Surveillance,icemr_south_asia
EUPATH_0023038,Kalifabougou,general_kalifabougou
EUPATH_0023038,South Asia ICEMR Surveillance,icemr_south_asia
EUPATH_0023040,Kalifabougou,general_kalifabougou
EUPATH_0023040,South Asia ICEMR Surveillance,icemr_south_asia
EUPATH_0023042,South Asia ICEMR Surveillance,icemr_south_asia
EUPATH_0023043,South Asia ICEMR Surveillance,icemr_south_asia
EUPATH_0023044,South Asia ICEMR Surveillance,icemr_south_asia
EUPATH_0023045,South Asia ICEMR Surveillance,icemr_south_asia
EUPATH_0023046,South Asia ICEMR Surveillance,icemr_south_asia
EUPATH_0023047,South Asia ICEMR Surveillance,icemr_south_asia
EUPATH_0023050,India ICEMR Severe P.vivax and falciparum Cohort,icemr_india_severe_malaria
EUPATH_0023050,South Asia ICEMR Surveillance,icemr_south_asia
EUPATH_0023051,South Asia ICEMR Surveillance,icemr_south_asia
EUPATH_0023052,GAMIN RCT,gates_gamin
EUPATH_0023052,SIP,gates_sip
EUPATH_0023052,India ICEMR Fever Surveillance,icemr_india_fever_surv
EUPATH_0023052,South Asia ICEMR Surveillance,icemr_south_asia
EUPATH_0023054,India ICEMR Severe P.vivax and falciparum Cohort,icemr_india_severe_malaria
EUPATH_0023054,South Asia ICEMR Surveillance,icemr_south_asia
EUPATH_0023055,South Asia ICEMR Surveillance,icemr_south_asia
EUPATH_0023056,ELICIT,gates_elicit
EUPATH_0023056,South Asia ICEMR Surveillance,icemr_south_asia
EUPATH_0024001,Southern Africa ICEMR Cross-sectional,icemr_southern_africa
EUPATH_0024002,Malawi ICEMR Case-Control,icemr_malawi
EUPATH_0024002,Southern Africa ICEMR Cross-sectional,icemr_southern_africa
EUPATH_0024004,Southern Africa ICEMR Cross-sectional,icemr_southern_africa
EUPATH_0024005,Southern Africa ICEMR Cross-sectional,icemr_southern_africa
EUPATH_0024006,Southern Africa ICEMR Cross-sectional,icemr_southern_africa
EUPATH_0024007,Southern Africa ICEMR Cross-sectional,icemr_southern_africa
EUPATH_0024008,Southern Africa ICEMR Cross-sectional,icemr_southern_africa
EUPATH_0024009,Southern Africa ICEMR Cross-sectional,icemr_southern_africa
EUPATH_0024010,Southern Africa ICEMR Cross-sectional,icemr_southern_africa
EUPATH_0024011,Myanmar ICEMR,icemr_myanmar
EUPATH_0024011,Southern Africa ICEMR Cross-sectional,icemr_southern_africa
EUPATH_0024012,Southern Africa ICEMR Cross-sectional,icemr_southern_africa
EUPATH_0024013,Southern Africa ICEMR Cross-sectional,icemr_southern_africa
EUPATH_0024014,Amazonia ICEMR Brazil Cohort,icemr_amazonia_brazil
EUPATH_0024014,Southern Africa ICEMR Cross-sectional,icemr_southern_africa
EUPATH_0024016,Southern Africa ICEMR Cross-sectional,icemr_southern_africa
EUPATH_0024017,Southern Africa ICEMR Cross-sectional,icemr_southern_africa
EUPATH_0024018,India ICEMR DAMaN,icemr_india_daman
EUPATH_0024018,India ICEMR Meghalaya Cohort,icemr_india_meghalaya
EUPATH_0024018,Southern Africa ICEMR Cross-sectional,icemr_southern_africa
EUPATH_0024019,India ICEMR DAMaN,icemr_india_daman
EUPATH_0024019,India ICEMR Meghalaya Cohort,icemr_india_meghalaya
EUPATH_0024019,Southern Africa ICEMR Cross-sectional,icemr_southern_africa
EUPATH_0024020,India ICEMR Meghalaya Cohort,icemr_india_meghalaya
EUPATH_0024020,Southern Africa ICEMR Cross-sectional,icemr_southern_africa
EUPATH_0024021,Southern Africa ICEMR Cross-sectional,icemr_southern_africa
EUPATH_0024022,Southern Africa ICEMR Cross-sectional,icemr_southern_africa
EUPATH_0024023,India ICEMR Meghalaya Cohort,icemr_india_meghalaya
EUPATH_0024023,Southern Africa ICEMR Cross-sectional,icemr_southern_africa
EUPATH_0024024,Southern Africa ICEMR Cross-sectional,icemr_southern_africa
EUPATH_0024025,Southern Africa ICEMR Cross-sectional,icemr_southern_africa
EUPATH_0024026,Southern Africa ICEMR Cross-sectional,icemr_southern_africa
EUPATH_0024027,Southern Africa ICEMR Cross-sectional,icemr_southern_africa
EUPATH_0024028,Southern Africa ICEMR Cross-sectional,icemr_southern_africa
EUPATH_0024029,Southern Africa ICEMR Cross-sectional,icemr_southern_africa
EUPATH_0024030,Southern Africa ICEMR Cross-sectional,icemr_southern_africa
EUPATH_0024031,India ICEMR DAMaN,icemr_india_daman
EUPATH_0024031,India ICEMR Meghalaya Cohort,icemr_india_meghalaya
EUPATH_0024031,Southern Africa ICEMR Cross-sectional,icemr_southern_africa
EUPATH_0024032,India ICEMR DAMaN,icemr_india_daman
EUPATH_0024032,India ICEMR Meghalaya Cohort,icemr_india_meghalaya
EUPATH_0024032,Southern Africa ICEMR Cross-sectional,icemr_southern_africa
EUPATH_0024033,India ICEMR Behavior Cross-sectional,icemr_india_behavior
EUPATH_0024033,India ICEMR DAMaN,icemr_india_daman
EUPATH_0024033,India ICEMR Meghalaya Cohort,icemr_india_meghalaya
EUPATH_0024033,Southern Africa ICEMR Cross-sectional,icemr_southern_africa
EUPATH_0024034,Southern Africa ICEMR Cross-sectional,icemr_southern_africa
EUPATH_0024035,Southern Africa ICEMR Cross-sectional,icemr_southern_africa
EUPATH_0024036,Southern Africa ICEMR Cross-sectional,icemr_southern_africa
EUPATH_0024037,Southern Africa ICEMR Cross-sectional,icemr_southern_africa
EUPATH_0024038,Southern Africa ICEMR Cross-sectional,icemr_southern_africa
EUPATH_0024039,Southern Africa ICEMR Cross-sectional,icemr_southern_africa
EUPATH_0024040,Southern Africa ICEMR Cross-sectional,icemr_southern_africa
EUPATH_0024041,Southern Africa ICEMR Cross-sectional,icemr_southern_africa
EUPATH_0024042,Southern Africa ICEMR Cross-sectional,icemr_southern_africa
EUPATH_0024043,Southern Africa ICEMR Cross-sectional,icemr_southern_africa
EUPATH_0024044,Southern Africa ICEMR Cross-sectional,icemr_southern_africa
EUPATH_0024045,Southern Africa ICEMR Cross-sectional,icemr_southern_africa
EUPATH_0024046,Southern Africa ICEMR Cross-sectional,icemr_southern_africa
EUPATH_0024047,Southern Africa ICEMR Cross-sectional,icemr_southern_africa
EUPATH_0024048,Southern Africa ICEMR Cross-sectional,icemr_southern_africa
EUPATH_0024049,Southern Africa ICEMR Cross-sectional,icemr_southern_africa
EUPATH_0024050,Southern Africa ICEMR Cross-sectional,icemr_southern_africa
EUPATH_0024051,Southern Africa ICEMR Cross-sectional,icemr_southern_africa
EUPATH_0024052,Southern Africa ICEMR Cross-sectional,icemr_southern_africa
EUPATH_0024053,Southern Africa ICEMR Cross-sectional,icemr_southern_africa
EUPATH_0024054,Southern Africa ICEMR Cross-sectional,icemr_southern_africa
EUPATH_0024055,Southern Africa ICEMR Cross-sectional,icemr_southern_africa
EUPATH_0024056,Southern Africa ICEMR Cross-sectional,icemr_southern_africa
EUPATH_0024057,Southern Africa ICEMR Cross-sectional,icemr_southern_africa
EUPATH_0024058,Southern Africa ICEMR Cross-sectional,icemr_southern_africa
EUPATH_0024059,Southern Africa ICEMR Cross-sectional,icemr_southern_africa
EUPATH_0024060,Southern Africa ICEMR Cross-sectional,icemr_southern_africa
EUPATH_0024061,Southern Africa ICEMR Cross-sectional,icemr_southern_africa
EUPATH_0024062,Southern Africa ICEMR Cross-sectional,icemr_southern_africa
EUPATH_0024063,Southern Africa ICEMR Cross-sectional,icemr_southern_africa
EUPATH_0024064,Southern Africa ICEMR Cross-sectional,icemr_southern_africa
EUPATH_0024065,Southern Africa ICEMR Cross-sectional,icemr_southern_africa
EUPATH_0024066,Southern Africa ICEMR Cross-sectional,icemr_southern_africa
EUPATH_0024067,Southern Africa ICEMR Cross-sectional,icemr_southern_africa
EUPATH_0024068,Southern Africa ICEMR Cross-sectional,icemr_southern_africa
EUPATH_0024069,Southern Africa ICEMR Cross-sectional,icemr_southern_africa
EUPATH_0024070,Southern Africa ICEMR Cross-sectional,icemr_southern_africa
EUPATH_0024071,Southern Africa ICEMR Cross-sectional,icemr_southern_africa
EUPATH_0024072,Southern Africa ICEMR Cross-sectional,icemr_southern_africa
EUPATH_0024073,Southern Africa ICEMR Cross-sectional,icemr_southern_africa
EUPATH_0024074,Southern Africa ICEMR Cross-sectional,icemr_southern_africa
EUPATH_0024075,Southern Africa ICEMR Cross-sectional,icemr_southern_africa
EUPATH_0024076,Southern Africa ICEMR Cross-sectional,icemr_southern_africa
EUPATH_0024077,Southern Africa ICEMR Cross-sectional,icemr_southern_africa
EUPATH_0024078,Southern Africa ICEMR Cross-sectional,icemr_southern_africa
EUPATH_0024079,Southern Africa ICEMR Cross-sectional,icemr_southern_africa
EUPATH_0024080,Southern Africa ICEMR Cross-sectional,icemr_southern_africa
EUPATH_0024081,Southern Africa ICEMR Cross-sectional,icemr_southern_africa
EUPATH_0024082,Myanmar ICEMR,icemr_myanmar
EUPATH_0024082,Southern Africa ICEMR Cross-sectional,icemr_southern_africa
EUPATH_0024083,Southern Africa ICEMR Cross-sectional,icemr_southern_africa
EUPATH_0024084,Southern Africa ICEMR Cross-sectional,icemr_southern_africa
EUPATH_0024085,Southern Africa ICEMR Cross-sectional,icemr_southern_africa
EUPATH_0024086,Southern Africa ICEMR Cross-sectional,icemr_southern_africa
EUPATH_0024087,Southern Africa ICEMR Cross-sectional,icemr_southern_africa
EUPATH_0024089,Southern Africa ICEMR Cross-sectional,icemr_southern_africa
EUPATH_0024089,West Africa ICEMR,icemr_west_africa
EUPATH_0024090,Southern Africa ICEMR Cross-sectional,icemr_southern_africa
EUPATH_0024090,West Africa ICEMR,icemr_west_africa
EUPATH_0024091,Southern Africa ICEMR Cross-sectional,icemr_southern_africa
EUPATH_0024091,West Africa ICEMR,icemr_west_africa
EUPATH_0024092,Southern Africa ICEMR Cross-sectional,icemr_southern_africa
EUPATH_0024092,West Africa ICEMR,icemr_west_africa
EUPATH_0024093,Southern Africa ICEMR Cross-sectional,icemr_southern_africa
EUPATH_0024094,Southern Africa ICEMR Cross-sectional,icemr_southern_africa
EUPATH_0024095,Southern Africa ICEMR Cross-sectional,icemr_southern_africa
EUPATH_0024095,West Africa ICEMR,icemr_west_africa
EUPATH_0024096,Southern Africa ICEMR Cross-sectional,icemr_southern_africa
EUPATH_0024097,Southern Africa ICEMR Cross-sectional,icemr_southern_africa
EUPATH_0024098,Southern Africa ICEMR Cross-sectional,icemr_southern_africa
EUPATH_0024099,Southern Africa ICEMR Cross-sectional,icemr_southern_africa
EUPATH_0024100,Southern Africa ICEMR Cross-sectional,icemr_southern_africa
EUPATH_0024101,Southern Africa ICEMR Cross-sectional,icemr_southern_africa
EUPATH_0024102,Southern Africa ICEMR Cross-sectional,icemr_southern_africa
EUPATH_0024103,Southern Africa ICEMR Cross-sectional,icemr_southern_africa
EUPATH_0024104,Southern Africa ICEMR Cross-sectional,icemr_southern_africa
EUPATH_0024105,Southern Africa ICEMR Cross-sectional,icemr_southern_africa
EUPATH_0024106,Southern Africa ICEMR Cross-sectional,icemr_southern_africa
EUPATH_0024107,Southern Africa ICEMR Cross-sectional,icemr_southern_africa
EUPATH_0024108,Southern Africa ICEMR Cross-sectional,icemr_southern_africa
EUPATH_0024109,Southern Africa ICEMR Cross-sectional,icemr_southern_africa
EUPATH_0024110,Southern Africa ICEMR Cross-sectional,icemr_southern_africa
EUPATH_0024111,Southern Africa ICEMR Cross-sectional,icemr_southern_africa
EUPATH_0024112,Southern Africa ICEMR Cross-sectional,icemr_southern_africa
EUPATH_0024113,Southern Africa ICEMR Cross-sectional,icemr_southern_africa
EUPATH_0024114,Southern Africa ICEMR Cross-sectional,icemr_southern_africa
EUPATH_0024121,Southern Africa ICEMR Cross-sectional,icemr_southern_africa
EUPATH_0024122,Southern Africa ICEMR Cross-sectional,icemr_southern_africa
EUPATH_0024123,PROMOTE BC3 Cohort,general_promote
EUPATH_0024123,Malawi ICEMR Case-Control,icemr_malawi
EUPATH_0024123,Myanmar ICEMR,icemr_myanmar
EUPATH_0024123,Southern Africa ICEMR Cross-sectional,icemr_southern_africa
EUPATH_0024124,Southern Africa ICEMR Cross-sectional,icemr_southern_africa
EUPATH_0024126,Southern Africa ICEMR Cross-sectional,icemr_southern_africa
EUPATH_0024127,Southern Africa ICEMR Cross-sectional,icemr_southern_africa
EUPATH_0024128,Southern Africa ICEMR Cross-sectional,icemr_southern_africa
EUPATH_0024129,Southern Africa ICEMR Cross-sectional,icemr_southern_africa
EUPATH_0024130,Southern Africa ICEMR Cross-sectional,icemr_southern_africa
EUPATH_0024131,Southern Africa ICEMR Cross-sectional,icemr_southern_africa
EUPATH_0024132,Southern Africa ICEMR Cross-sectional,icemr_southern_africa
EUPATH_0024133,Southern Africa ICEMR Cross-sectional,icemr_southern_africa
EUPATH_0024134,Southern Africa ICEMR Cross-sectional,icemr_southern_africa
EUPATH_0024135,Southern Africa ICEMR Cross-sectional,icemr_southern_africa
EUPATH_0024136,Southern Africa ICEMR Cross-sectional,icemr_southern_africa
EUPATH_0024137,Southern Africa ICEMR Cross-sectional,icemr_southern_africa
EUPATH_0024138,Southern Africa ICEMR Cross-sectional,icemr_southern_africa
EUPATH_0024139,Southern Africa ICEMR Cross-sectional,icemr_southern_africa
EUPATH_0024140,Southern Africa ICEMR Cross-sectional,icemr_southern_africa
EUPATH_0024141,Southern Africa ICEMR Cross-sectional,icemr_southern_africa
EUPATH_0024142,Amazonia ICEMR Brazil Cohort,icemr_amazonia_brazil
EUPATH_0024142,India ICEMR Meghalaya Cohort,icemr_india_meghalaya
EUPATH_0024142,Malawi ICEMR Case-Control,icemr_malawi
EUPATH_0024142,Southern Africa ICEMR Cross-sectional,icemr_southern_africa
EUPATH_0024143,Southern Africa ICEMR Cross-sectional,icemr_southern_africa
EUPATH_0024144,Southern Africa ICEMR Cross-sectional,icemr_southern_africa
EUPATH_0024145,Southern Africa ICEMR Cross-sectional,icemr_southern_africa
EUPATH_0024146,Southern Africa ICEMR Cross-sectional,icemr_southern_africa
EUPATH_0024147,Southern Africa ICEMR Cross-sectional,icemr_southern_africa
EUPATH_0024148,Southern Africa ICEMR Cross-sectional,icemr_southern_africa
EUPATH_0024149,Southern Africa ICEMR Cross-sectional,icemr_southern_africa
EUPATH_0024150,Southern Africa ICEMR Cross-sectional,icemr_southern_africa
EUPATH_0024151,Southern Africa ICEMR Cross-sectional,icemr_southern_africa
EUPATH_0024152,Southern Africa ICEMR Cross-sectional,icemr_southern_africa
EUPATH_0024153,Southern Africa ICEMR Cross-sectional,icemr_southern_africa
EUPATH_0024154,Southern Africa ICEMR Cross-sectional,icemr_southern_africa
EUPATH_0024155,Southern Africa ICEMR Cross-sectional,icemr_southern_africa
EUPATH_0024156,Southern Africa ICEMR Cross-sectional,icemr_southern_africa
EUPATH_0024157,Southern Africa ICEMR Cross-sectional,icemr_southern_africa
EUPATH_0024158,India ICEMR Meghalaya Cohort,icemr_india_meghalaya
EUPATH_0024158,Southern Africa ICEMR Cross-sectional,icemr_southern_africa
EUPATH_0024160,Malawi ICEMR Case-Control,icemr_malawi
EUPATH_0024160,Southern Africa ICEMR Cross-sectional,icemr_southern_africa
EUPATH_0024161,Southern Africa ICEMR Cross-sectional,icemr_southern_africa
EUPATH_0024163,Malawi ICEMR Case-Control,icemr_malawi
EUPATH_0024163,Southern Africa ICEMR Cross-sectional,icemr_southern_africa
EUPATH_0024164,Southern Africa ICEMR Cross-sectional,icemr_southern_africa
EUPATH_0024165,Southern Africa ICEMR Cross-sectional,icemr_southern_africa
EUPATH_0024166,Southern Africa ICEMR Cross-sectional,icemr_southern_africa
EUPATH_0024167,Southern Africa ICEMR Cross-sectional,icemr_southern_africa
EUPATH_0024168,Southern Africa ICEMR Cross-sectional,icemr_southern_africa
EUPATH_0024169,Southern Africa ICEMR Cross-sectional,icemr_southern_africa
EUPATH_0024170,Southern Africa ICEMR Cross-sectional,icemr_southern_africa
EUPATH_0024171,Southern Africa ICEMR Cross-sectional,icemr_southern_africa
EUPATH_0024172,Southern Africa ICEMR Cross-sectional,icemr_southern_africa
EUPATH_0024173,Southern Africa ICEMR Cross-sectional,icemr_southern_africa
EUPATH_0024174,Southern Africa ICEMR Cross-sectional,icemr_southern_africa
EUPATH_0024175,Southern Africa ICEMR Cross-sectional,icemr_southern_africa
EUPATH_0024176,Southern Africa ICEMR Cross-sectional,icemr_southern_africa
EUPATH_0024177,Southern Africa ICEMR Cross-sectional,icemr_southern_africa
EUPATH_0024178,Southern Africa ICEMR Cross-sectional,icemr_southern_africa
EUPATH_0024179,Southern Africa ICEMR Cross-sectional,icemr_southern_africa
EUPATH_0024180,Southern Africa ICEMR Cross-sectional,icemr_southern_africa
EUPATH_0024181,India ICEMR Behavior Cross-sectional,icemr_india_behavior
EUPATH_0024181,Southern Africa ICEMR Cross-sectional,icemr_southern_africa
EUPATH_0024182,GANC,gates_ganc
EUPATH_0024182,Malawi ICEMR Case-Control,icemr_malawi
EUPATH_0024182,Southern Africa ICEMR Cross-sectional,icemr_southern_africa
EUPATH_0024183,Southern Africa ICEMR Cross-sectional,icemr_southern_africa
EUPATH_0024184,Southern Africa ICEMR Cross-sectional,icemr_southern_africa
EUPATH_0024185,Southern Africa ICEMR Cross-sectional,icemr_southern_africa
EUPATH_0024186,Southern Africa ICEMR Cross-sectional,icemr_southern_africa
EUPATH_0024187,Southern Africa ICEMR Cross-sectional,icemr_southern_africa
EUPATH_0024188,Southern Africa ICEMR Cross-sectional,icemr_southern_africa
EUPATH_0024189,Southern Africa ICEMR Cross-sectional,icemr_southern_africa
EUPATH_0024190,Southern Africa ICEMR Cross-sectional,icemr_southern_africa
EUPATH_0024191,Southern Africa ICEMR Cross-sectional,icemr_southern_africa
EUPATH_0024192,Southern Africa ICEMR Cross-sectional,icemr_southern_africa
EUPATH_0024193,Southern Africa ICEMR Cross-sectional,icemr_southern_africa
EUPATH_0024194,Southern Africa ICEMR Cross-sectional,icemr_southern_africa
EUPATH_0024195,Southern Africa ICEMR Cross-sectional,icemr_southern_africa
EUPATH_0024196,Southern Africa ICEMR Cross-sectional,icemr_southern_africa
EUPATH_0024197,Southern Africa ICEMR Cross-sectional,icemr_southern_africa
EUPATH_0024198,India ICEMR Meghalaya Cohort,icemr_india_meghalaya
EUPATH_0024198,Malawi ICEMR Case-Control,icemr_malawi
EUPATH_0024198,Southern Africa ICEMR Cross-sectional,icemr_southern_africa
EUPATH_0024199,Southern Africa ICEMR Cross-sectional,icemr_southern_africa
EUPATH_0024200,Southern Africa ICEMR Cross-sectional,icemr_southern_africa
EUPATH_0024201,Southern Africa ICEMR Cross-sectional,icemr_southern_africa
EUPATH_0024202,Southern Africa ICEMR Cross-sectional,icemr_southern_africa
EUPATH_0024203,Southern Africa ICEMR Cross-sectional,icemr_southern_africa
EUPATH_0024204,Southern Africa ICEMR Cross-sectional,icemr_southern_africa
EUPATH_0024205,Southern Africa ICEMR Cross-sectional,icemr_southern_africa
EUPATH_0024206,Southern Africa ICEMR Cross-sectional,icemr_southern_africa
EUPATH_0024207,Southern Africa ICEMR Cross-sectional,icemr_southern_africa
EUPATH_0024209,Southern Africa ICEMR Cross-sectional,icemr_southern_africa
EUPATH_0024210,Southern Africa ICEMR Cross-sectional,icemr_southern_africa
EUPATH_0024211,GEMS1A HUAS Lite Survey,gates_gems1a_huas
EUPATH_0024211,GEMS1 HUAS/HUAS Lite Survey,gates_gems_huas
EUPATH_0024211,Southern Africa ICEMR Cross-sectional,icemr_southern_africa
EUPATH_0024212,PROVIDE Randomized Controlled Trial,gates_provide
EUPATH_0024212,Southern Africa ICEMR Cross-sectional,icemr_southern_africa
EUPATH_0024213,Southern Africa ICEMR Cross-sectional,icemr_southern_africa
EUPATH_0024214,Southern Africa ICEMR Cross-sectional,icemr_southern_africa
EUPATH_0024215,Southern Africa ICEMR Cross-sectional,icemr_southern_africa
EUPATH_0024216,Southern Africa ICEMR Cross-sectional,icemr_southern_africa
EUPATH_0024217,"avenir,baseline",gates_avenir
EUPATH_0024217,GAMIN RCT,gates_gamin
EUPATH_0024217,LLINE UP Cluster Randomized Trial,gates_llineup
EUPATH_0024217,Kalifabougou,general_kalifabougou
EUPATH_0024217,PROMOTE BC3 Cohort,general_promote
EUPATH_0024217,Malawi ICEMR Case-Control,icemr_malawi
EUPATH_0024217,Myanmar ICEMR,icemr_myanmar
EUPATH_0024217,Southern Africa ICEMR Cross-sectional,icemr_southern_africa
EUPATH_0024217,West Africa ICEMR,icemr_west_africa
EUPATH_0024219,Amazonia ICEMR Brazil Cohort,icemr_amazonia_brazil
EUPATH_0024219,Southern Africa ICEMR Cross-sectional,icemr_southern_africa
EUPATH_0024220,Southern Africa ICEMR Cross-sectional,icemr_southern_africa
EUPATH_0024221,Southern Africa ICEMR Cross-sectional,icemr_southern_africa
EUPATH_0024222,Southern Africa ICEMR Cross-sectional,icemr_southern_africa
EUPATH_0024223,Southern Africa ICEMR Cross-sectional,icemr_southern_africa
EUPATH_0024225,Southern Africa ICEMR Cross-sectional,icemr_southern_africa
EUPATH_0024226,Southern Africa ICEMR Cross-sectional,icemr_southern_africa
EUPATH_0024227,Southern Africa ICEMR Cross-sectional,icemr_southern_africa
EUPATH_0024228,Southern Africa ICEMR Cross-sectional,icemr_southern_africa
EUPATH_0024229,Southern Africa ICEMR Cross-sectional,icemr_southern_africa
EUPATH_0024230,Southern Africa ICEMR Cross-sectional,icemr_southern_africa
EUPATH_0024231,Southern Africa ICEMR Cross-sectional,icemr_southern_africa
EUPATH_0024241,Southern Africa ICEMR Cross-sectional,icemr_southern_africa
EUPATH_0024242,Southern Africa ICEMR Cross-sectional,icemr_southern_africa
EUPATH_0024243,Southern Africa ICEMR Cross-sectional,icemr_southern_africa
EUPATH_0024244,Southern Africa ICEMR Cross-sectional,icemr_southern_africa
EUPATH_0024245,Southern Africa ICEMR Cross-sectional,icemr_southern_africa
EUPATH_0024246,Southern Africa ICEMR Cross-sectional,icemr_southern_africa
EUPATH_0024247,Southern Africa ICEMR Cross-sectional,icemr_southern_africa
EUPATH_0024248,Southern Africa ICEMR Cross-sectional,icemr_southern_africa
EUPATH_0024249,Southern Africa ICEMR Cross-sectional,icemr_southern_africa
EUPATH_0024250,Southern Africa ICEMR Cross-sectional,icemr_southern_africa
EUPATH_0024251,Southern Africa ICEMR Cross-sectional,icemr_southern_africa
EUPATH_0024252,Southern Africa ICEMR Cross-sectional,icemr_southern_africa
EUPATH_0024253,Southern Africa ICEMR Cross-sectional,icemr_southern_africa
EUPATH_0024254,Southern Africa ICEMR Cross-sectional,icemr_southern_africa
EUPATH_0024266,Malawi ICEMR Case-Control,icemr_malawi
EUPATH_0024266,Southern Africa ICEMR Cross-sectional,icemr_southern_africa
EUPATH_0024292,Southern Africa ICEMR Cross-sectional,icemr_southern_africa
EUPATH_0024293,Southern Africa ICEMR Cross-sectional,icemr_southern_africa
EUPATH_0024294,Southern Africa ICEMR Cross-sectional,icemr_southern_africa
EUPATH_0024295,Southern Africa ICEMR Cross-sectional,icemr_southern_africa
EUPATH_0024303,Southern Africa ICEMR Cross-sectional,icemr_southern_africa
EUPATH_0024304,Southern Africa ICEMR Cross-sectional,icemr_southern_africa
EUPATH_0024306,Southern Africa ICEMR Cross-sectional,icemr_southern_africa
EUPATH_0024309,Southern Africa ICEMR Cross-sectional,icemr_southern_africa
EUPATH_0024310,Southern Africa ICEMR Cross-sectional,icemr_southern_africa
EUPATH_0024314,LLINE UP Cluster Randomized Trial,gates_llineup
EUPATH_0024314,Malawi ICEMR Case-Control,icemr_malawi
EUPATH_0024314,Southern Africa ICEMR Cross-sectional,icemr_southern_africa
EUPATH_0024317,Southern Africa ICEMR Cross-sectional,icemr_southern_africa
EUPATH_0024318,Southern Africa ICEMR Cross-sectional,icemr_southern_africa
EUPATH_0024319,Southern Africa ICEMR Cross-sectional,icemr_southern_africa
EUPATH_0024320,Southern Africa ICEMR Cross-sectional,icemr_southern_africa
EUPATH_0025001,Malawi ICEMR Case-Control,icemr_malawi
EUPATH_0025002,Malawi ICEMR Case-Control,icemr_malawi
EUPATH_0025004,Malawi ICEMR Case-Control,icemr_malawi
EUPATH_0025008,Malawi ICEMR Case-Control,icemr_malawi
EUPATH_0025009,Malawi ICEMR Case-Control,icemr_malawi
EUPATH_0025010,Malawi ICEMR Case-Control,icemr_malawi
EUPATH_0025011,Malawi ICEMR Case-Control,icemr_malawi
EUPATH_0025012,Malawi ICEMR Case-Control,icemr_malawi
EUPATH_0025013,GANC,gates_ganc
EUPATH_0025013,LLINE UP Cluster Randomized Trial,gates_llineup
EUPATH_0025013,PROMOTE BC3 Cohort,general_promote
EUPATH_0025013,India ICEMR Meghalaya Cohort,icemr_india_meghalaya
EUPATH_0025013,Malawi ICEMR Case-Control,icemr_malawi
EUPATH_0025013,Myanmar ICEMR,icemr_myanmar
EUPATH_0025014,Malawi ICEMR Case-Control,icemr_malawi
EUPATH_0025015,Malawi ICEMR Case-Control,icemr_malawi
EUPATH_0025016,Malawi ICEMR Case-Control,icemr_malawi
EUPATH_0025017,Malawi ICEMR Case-Control,icemr_malawi
EUPATH_0025019,Malawi ICEMR Case-Control,icemr_malawi
EUPATH_0025020,Malawi ICEMR Case-Control,icemr_malawi
EUPATH_0025021,Malawi ICEMR Case-Control,icemr_malawi
EUPATH_0025022,Malawi ICEMR Case-Control,icemr_malawi
EUPATH_0025023,Malawi ICEMR Case-Control,icemr_malawi
EUPATH_0025024,Malawi ICEMR Case-Control,icemr_malawi
EUPATH_0025025,Malawi ICEMR Case-Control,icemr_malawi
EUPATH_0025026,Malawi ICEMR Case-Control,icemr_malawi
EUPATH_0025027,Malawi ICEMR Case-Control,icemr_malawi
EUPATH_0025031,LLINE UP Cluster Randomized Trial,gates_llineup
EUPATH_0025031,Malawi ICEMR Case-Control,icemr_malawi
EUPATH_0025033,Malawi ICEMR Case-Control,icemr_malawi
EUPATH_0025034,Malawi ICEMR Case-Control,icemr_malawi
EUPATH_0025035,Malawi ICEMR Case-Control,icemr_malawi
EUPATH_0025036,Malawi ICEMR Case-Control,icemr_malawi
EUPATH_0025037,Malawi ICEMR Case-Control,icemr_malawi
EUPATH_0025038,Malawi ICEMR Case-Control,icemr_malawi
EUPATH_0025039,Malawi ICEMR Case-Control,icemr_malawi
EUPATH_0025040,Malawi ICEMR Case-Control,icemr_malawi
EUPATH_0025041,Malawi ICEMR Case-Control,icemr_malawi
EUPATH_0025042,Malawi ICEMR Case-Control,icemr_malawi
EUPATH_0025043,Malawi ICEMR Case-Control,icemr_malawi
EUPATH_0025044,Malawi ICEMR Case-Control,icemr_malawi
EUPATH_0025045,Malawi ICEMR Case-Control,icemr_malawi
EUPATH_0025046,Malawi ICEMR Case-Control,icemr_malawi
EUPATH_0025047,SHINE,gates_shine
EUPATH_0025047,WASH Benefits Kenya Cluster Randomized Trial,gates_washb_kenya
EUPATH_0025047,PROMOTE BC3 Cohort,general_promote
EUPATH_0025047,Malawi ICEMR Case-Control,icemr_malawi
EUPATH_0025048,Malawi ICEMR Case-Control,icemr_malawi
EUPATH_0025049,Malawi ICEMR Case-Control,icemr_malawi
EUPATH_0025050,LLINE UP Cluster Randomized Trial,gates_llineup
EUPATH_0025050,Malawi ICEMR Case-Control,icemr_malawi
EUPATH_0025051,Malawi ICEMR Case-Control,icemr_malawi
EUPATH_0025052,Malawi ICEMR Case-Control,icemr_malawi
EUPATH_0025053,LLINE UP Cluster Randomized Trial,gates_llineup
EUPATH_0025053,Malawi ICEMR Case-Control,icemr_malawi
EUPATH_0025053,PRISM ICEMR Cohort,icemr_prism
EUPATH_0025053,PRISM2 ICEMR Cohort,icemr_prism2
EUPATH_0025053,PRISM2 ICEMR Border Cohort,icemr_prism2_border_cohort
EUPATH_0025054,Malawi ICEMR Case-Control,icemr_malawi
EUPATH_0025055,Malawi ICEMR Case-Control,icemr_malawi
EUPATH_0025056,Malawi ICEMR Case-Control,icemr_malawi
EUPATH_0025056,PRISM2 ICEMR Cohort,icemr_prism2
EUPATH_0025056,PRISM2 ICEMR Border Cohort,icemr_prism2_border_cohort
EUPATH_0025057,Malawi ICEMR Case-Control,icemr_malawi
EUPATH_0025058,Malawi ICEMR Case-Control,icemr_malawi
EUPATH_0025059,Malawi ICEMR Case-Control,icemr_malawi
EUPATH_0025060,Malawi ICEMR Case-Control,icemr_malawi
EUPATH_0025061,Malawi ICEMR Case-Control,icemr_malawi
EUPATH_0025062,Malawi ICEMR Case-Control,icemr_malawi
EUPATH_0025063,Malawi ICEMR Case-Control,icemr_malawi
EUPATH_0025064,Malawi ICEMR Case-Control,icemr_malawi
EUPATH_0025065,Malawi ICEMR Case-Control,icemr_malawi
EUPATH_0025066,Malawi ICEMR Case-Control,icemr_malawi
EUPATH_0025067,Malawi ICEMR Case-Control,icemr_malawi
EUPATH_0025068,Malawi ICEMR Case-Control,icemr_malawi
EUPATH_0025069,Malawi ICEMR Case-Control,icemr_malawi
EUPATH_0025070,Malawi ICEMR Case-Control,icemr_malawi
EUPATH_0025071,Malawi ICEMR Case-Control,icemr_malawi
EUPATH_0025072,Preventing Congenital Syphilis,gates_pcs
EUPATH_0025072,VIDA Case Control,gates_vida
EUPATH_0025072,UMSP Surveillance,general_umsp
EUPATH_0025072,Malawi ICEMR Case-Control,icemr_malawi
EUPATH_0025072,Myanmar ICEMR,icemr_myanmar
EUPATH_0025072,West Africa ICEMR,icemr_west_africa
EUPATH_0025073,Malawi ICEMR Case-Control,icemr_malawi
EUPATH_0025074,Malawi ICEMR Case-Control,icemr_malawi
EUPATH_0025075,PROMOTE BC3 Cohort,general_promote
EUPATH_0025075,Malawi ICEMR Case-Control,icemr_malawi
EUPATH_0025076,Malawi ICEMR Case-Control,icemr_malawi
EUPATH_0025077,Malawi ICEMR Case-Control,icemr_malawi
EUPATH_0025078,Malawi ICEMR Case-Control,icemr_malawi
EUPATH_0025079,Malawi ICEMR Case-Control,icemr_malawi
EUPATH_0025080,Malawi ICEMR Case-Control,icemr_malawi
EUPATH_0025081,Malawi ICEMR Case-Control,icemr_malawi
EUPATH_0025082,Malawi ICEMR Case-Control,icemr_malawi
EUPATH_0025083,Malawi ICEMR Case-Control,icemr_malawi
EUPATH_0025085,ELICIT,gates_elicit
EUPATH_0025085,PROMOTE BC3 Cohort,general_promote
EUPATH_0025085,Malawi ICEMR Case-Control,icemr_malawi
EUPATH_0025087,Malawi ICEMR Case-Control,icemr_malawi
EUPATH_0025088,Malawi ICEMR Case-Control,icemr_malawi
EUPATH_0025089,Malawi ICEMR Case-Control,icemr_malawi
EUPATH_0025090,Malawi ICEMR Case-Control,icemr_malawi
EUPATH_0025092,PROVIDE Randomized Controlled Trial,gates_provide
EUPATH_0025092,SIP,gates_sip
EUPATH_0025092,PROMOTE BC3 Cohort,general_promote
EUPATH_0025092,Malawi ICEMR Case-Control,icemr_malawi
EUPATH_0025093,Malawi ICEMR Case-Control,icemr_malawi
EUPATH_0025094,Malawi ICEMR Case-Control,icemr_malawi
EUPATH_0025095,Malawi ICEMR Case-Control,icemr_malawi
EUPATH_0025095,West Africa ICEMR,icemr_west_africa
EUPATH_0025096,Malawi ICEMR Case-Control,icemr_malawi
EUPATH_0025097,Malawi ICEMR Case-Control,icemr_malawi
EUPATH_0025098,Malawi ICEMR Case-Control,icemr_malawi
EUPATH_0025099,SIP,gates_sip
EUPATH_0025099,Malawi ICEMR Case-Control,icemr_malawi
EUPATH_0025100,Malawi ICEMR Case-Control,icemr_malawi
EUPATH_0025101,Malawi ICEMR Case-Control,icemr_malawi
EUPATH_0025104,Malawi ICEMR Case-Control,icemr_malawi
EUPATH_0025105,Malawi ICEMR Case-Control,icemr_malawi
EUPATH_0025107,VIDA Case Control,gates_vida
EUPATH_0025109,Malawi ICEMR Case-Control,icemr_malawi
EUPATH_0025113,Malawi ICEMR Case-Control,icemr_malawi
EUPATH_0025114,SIP,gates_sip
EUPATH_0025114,Malawi ICEMR Case-Control,icemr_malawi
EUPATH_0025115,Malawi ICEMR Case-Control,icemr_malawi
EUPATH_0025116,Malawi ICEMR Case-Control,icemr_malawi
EUPATH_0025117,Malawi ICEMR Case-Control,icemr_malawi
EUPATH_0025118,Malawi ICEMR Case-Control,icemr_malawi
EUPATH_0025119,Malawi ICEMR Case-Control,icemr_malawi
EUPATH_0025121,Malawi ICEMR Case-Control,icemr_malawi
EUPATH_0025122,Malawi ICEMR Case-Control,icemr_malawi
EUPATH_0025123,Malawi ICEMR Case-Control,icemr_malawi
EUPATH_0025124,Malawi ICEMR Case-Control,icemr_malawi
EUPATH_0025125,Kalifabougou,general_kalifabougou
EUPATH_0025125,PROMOTE BC3 Cohort,general_promote
EUPATH_0025125,India ICEMR Meghalaya Cohort,icemr_india_meghalaya
EUPATH_0025125,Malawi ICEMR Case-Control,icemr_malawi
EUPATH_0025125,PRISM2 ICEMR Cohort,icemr_prism2
EUPATH_0025125,PRISM2 ICEMR Border Cohort,icemr_prism2_border_cohort
EUPATH_0025126,Malawi ICEMR Case-Control,icemr_malawi
EUPATH_0025127,Malawi ICEMR Case-Control,icemr_malawi
EUPATH_0025128,Malawi ICEMR Case-Control,icemr_malawi
EUPATH_0025129,Malawi ICEMR Case-Control,icemr_malawi
EUPATH_0025130,Malawi ICEMR Case-Control,icemr_malawi
EUPATH_0025131,Malawi ICEMR Case-Control,icemr_malawi
EUPATH_0025132,Malawi ICEMR Case-Control,icemr_malawi
EUPATH_0025134,Malawi ICEMR Case-Control,icemr_malawi
EUPATH_0025135,India ICEMR Meghalaya Cohort,icemr_india_meghalaya
EUPATH_0025135,Malawi ICEMR Case-Control,icemr_malawi
EUPATH_0025136,Malawi ICEMR Case-Control,icemr_malawi
EUPATH_0025137,Malawi ICEMR Case-Control,icemr_malawi
EUPATH_0025138,Malawi ICEMR Case-Control,icemr_malawi
EUPATH_0025139,Malawi ICEMR Case-Control,icemr_malawi
EUPATH_0025140,Malawi ICEMR Case-Control,icemr_malawi
EUPATH_0025141,Malawi ICEMR Case-Control,icemr_malawi
EUPATH_0025142,Malawi ICEMR Case-Control,icemr_malawi
EUPATH_0025143,Malawi ICEMR Case-Control,icemr_malawi
EUPATH_0025144,Malawi ICEMR Case-Control,icemr_malawi
EUPATH_0025145,Malawi ICEMR Case-Control,icemr_malawi
EUPATH_0025146,Malawi ICEMR Case-Control,icemr_malawi
EUPATH_0025149,Malawi ICEMR Case-Control,icemr_malawi
EUPATH_0025150,SHINE,gates_shine
EUPATH_0025150,Malawi ICEMR Case-Control,icemr_malawi
EUPATH_0025151,Malawi ICEMR Case-Control,icemr_malawi
EUPATH_0025152,Malawi ICEMR Case-Control,icemr_malawi
EUPATH_0025153,PROMOTE BC3 Cohort,general_promote
EUPATH_0025153,Malawi ICEMR Case-Control,icemr_malawi
EUPATH_0025154,Malawi ICEMR Case-Control,icemr_malawi
EUPATH_0025155,Malawi ICEMR Case-Control,icemr_malawi
EUPATH_0025156,Malawi ICEMR Case-Control,icemr_malawi
EUPATH_0025157,Malawi ICEMR Case-Control,icemr_malawi
EUPATH_0025159,Malawi ICEMR Case-Control,icemr_malawi
EUPATH_0025160,Malawi ICEMR Case-Control,icemr_malawi
EUPATH_0025161,Malawi ICEMR Case-Control,icemr_malawi
EUPATH_0025162,Malawi ICEMR Case-Control,icemr_malawi
EUPATH_0025163,Malawi ICEMR Case-Control,icemr_malawi
EUPATH_0025164,Malawi ICEMR Case-Control,icemr_malawi
EUPATH_0025167,WASH Benefits Kenya Cluster Randomized Trial,gates_washb_kenya
EUPATH_0025167,PROMOTE BC3 Cohort,general_promote
EUPATH_0025167,Malawi ICEMR Case-Control,icemr_malawi
EUPATH_0025168,Malawi ICEMR Case-Control,icemr_malawi
EUPATH_0025171,Malawi ICEMR Case-Control,icemr_malawi
EUPATH_0025172,Malawi ICEMR Case-Control,icemr_malawi
EUPATH_0025173,SIP,gates_sip
EUPATH_0025173,Kalifabougou,general_kalifabougou
EUPATH_0025173,PROMOTE BC3 Cohort,general_promote
EUPATH_0025173,India ICEMR Meghalaya Cohort,icemr_india_meghalaya
EUPATH_0025173,Malawi ICEMR Case-Control,icemr_malawi
EUPATH_0026001,Southeast Asia ICEMR Surveillance,icemr_southeast_asia
EUPATH_0026002,Southeast Asia ICEMR Surveillance,icemr_southeast_asia
EUPATH_0026003,Southeast Asia ICEMR Surveillance,icemr_southeast_asia
EUPATH_0026004,Southeast Asia ICEMR Surveillance,icemr_southeast_asia
EUPATH_0026005,India ICEMR Behavior Cross-sectional,icemr_india_behavior
EUPATH_0026005,India ICEMR Meghalaya Cohort,icemr_india_meghalaya
EUPATH_0026005,PRISM2 ICEMR Border Cohort,icemr_prism2_border_cohort
EUPATH_0026005,Southeast Asia ICEMR Surveillance,icemr_southeast_asia
EUPATH_0026006,Southeast Asia ICEMR Surveillance,icemr_southeast_asia
EUPATH_0026007,Southeast Asia ICEMR Surveillance,icemr_southeast_asia
EUPATH_0027003,West Africa ICEMR,icemr_west_africa
EUPATH_0027004,GAMIN RCT,gates_gamin
EUPATH_0027004,LLINE UP Cluster Randomized Trial,gates_llineup
EUPATH_0027004,Kalifabougou,general_kalifabougou
EUPATH_0027004,India ICEMR Behavior Cross-sectional,icemr_india_behavior
EUPATH_0027004,India ICEMR DAMaN,icemr_india_daman
EUPATH_0027004,India ICEMR Meghalaya Cohort,icemr_india_meghalaya
EUPATH_0027004,West Africa ICEMR,icemr_west_africa
EUPATH_0027005,LLINE UP Cluster Randomized Trial,gates_llineup
EUPATH_0027005,Preventing Congenital Syphilis,gates_pcs
EUPATH_0027005,Kalifabougou,general_kalifabougou
EUPATH_0027005,India ICEMR DAMaN,icemr_india_daman
EUPATH_0027005,India ICEMR Meghalaya Cohort,icemr_india_meghalaya
EUPATH_0027005,Myanmar ICEMR,icemr_myanmar
EUPATH_0027005,West Africa ICEMR,icemr_west_africa
EUPATH_0027006,West Africa ICEMR,icemr_west_africa
EUPATH_0027008,West Africa ICEMR,icemr_west_africa
EUPATH_0027009,GAMIN RCT,gates_gamin
EUPATH_0027009,India ICEMR Severe P.vivax and falciparum Cohort,icemr_india_severe_malaria
EUPATH_0027009,West Africa ICEMR,icemr_west_africa
EUPATH_0027010,LLINE UP Cluster Randomized Trial,gates_llineup
EUPATH_0027010,West Africa ICEMR,icemr_west_africa
EUPATH_0027011,West Africa ICEMR,icemr_west_africa
EUPATH_0027012,West Africa ICEMR,icemr_west_africa
EUPATH_0027013,West Africa ICEMR,icemr_west_africa
EUPATH_0027014,West Africa ICEMR,icemr_west_africa
EUPATH_0027015,West Africa ICEMR,icemr_west_africa
EUPATH_0027016,West Africa ICEMR,icemr_west_africa
EUPATH_0027017,West Africa ICEMR,icemr_west_africa
EUPATH_0027018,West Africa ICEMR,icemr_west_africa
EUPATH_0027019,LLINE UP Cluster Randomized Trial,gates_llineup
EUPATH_0027019,Preventing Congenital Syphilis,gates_pcs
EUPATH_0027019,SIP,gates_sip
EUPATH_0027019,Kalifabougou,general_kalifabougou
EUPATH_0027019,India ICEMR DAMaN,icemr_india_daman
EUPATH_0027019,India ICEMR Meghalaya Cohort,icemr_india_meghalaya
EUPATH_0027019,Myanmar ICEMR,icemr_myanmar
EUPATH_0027019,West Africa ICEMR,icemr_west_africa
EUPATH_0027020,West Africa ICEMR,icemr_west_africa
EUPATH_0027021,West Africa ICEMR,icemr_west_africa
EUPATH_0027022,West Africa ICEMR,icemr_west_africa
EUPATH_0027023,West Africa ICEMR,icemr_west_africa
EUPATH_0027024,West Africa ICEMR,icemr_west_africa
EUPATH_0027025,West Africa ICEMR,icemr_west_africa
EUPATH_0027026,West Africa ICEMR,icemr_west_africa
EUPATH_0027027,West Africa ICEMR,icemr_west_africa
EUPATH_0027028,West Africa ICEMR,icemr_west_africa
EUPATH_0027029,West Africa ICEMR,icemr_west_africa
EUPATH_0027030,West Africa ICEMR,icemr_west_africa
EUPATH_0027031,West Africa ICEMR,icemr_west_africa
EUPATH_0027032,West Africa ICEMR,icemr_west_africa
EUPATH_0027033,West Africa ICEMR,icemr_west_africa
EUPATH_0027034,West Africa ICEMR,icemr_west_africa
EUPATH_0027035,West Africa ICEMR,icemr_west_africa
EUPATH_0027036,West Africa ICEMR,icemr_west_africa
EUPATH_0027037,West Africa ICEMR,icemr_west_africa
EUPATH_0027038,West Africa ICEMR,icemr_west_africa
EUPATH_0027039,West Africa ICEMR,icemr_west_africa
EUPATH_0027040,West Africa ICEMR,icemr_west_africa
EUPATH_0027041,West Africa ICEMR,icemr_west_africa
EUPATH_0027042,West Africa ICEMR,icemr_west_africa
EUPATH_0027043,West Africa ICEMR,icemr_west_africa
EUPATH_0027044,West Africa ICEMR,icemr_west_africa
EUPATH_0027045,West Africa ICEMR,icemr_west_africa
EUPATH_0027046,West Africa ICEMR,icemr_west_africa
EUPATH_0027047,West Africa ICEMR,icemr_west_africa
EUPATH_0027048,West Africa ICEMR,icemr_west_africa
EUPATH_0027049,West Africa ICEMR,icemr_west_africa
EUPATH_0027050,West Africa ICEMR,icemr_west_africa
EUPATH_0027051,West Africa ICEMR,icemr_west_africa
EUPATH_0027052,West Africa ICEMR,icemr_west_africa
EUPATH_0027053,West Africa ICEMR,icemr_west_africa
EUPATH_0027054,West Africa ICEMR,icemr_west_africa
EUPATH_0027055,West Africa ICEMR,icemr_west_africa
EUPATH_0027056,West Africa ICEMR,icemr_west_africa
EUPATH_0027057,West Africa ICEMR,icemr_west_africa
EUPATH_0027058,West Africa ICEMR,icemr_west_africa
EUPATH_0027059,West Africa ICEMR,icemr_west_africa
EUPATH_0027060,West Africa ICEMR,icemr_west_africa
EUPATH_0027061,West Africa ICEMR,icemr_west_africa
EUPATH_0027062,West Africa ICEMR,icemr_west_africa
EUPATH_0027063,West Africa ICEMR,icemr_west_africa
EUPATH_0027064,West Africa ICEMR,icemr_west_africa
EUPATH_0027065,West Africa ICEMR,icemr_west_africa
EUPATH_0027066,West Africa ICEMR,icemr_west_africa
EUPATH_0027067,West Africa ICEMR,icemr_west_africa
EUPATH_0027068,West Africa ICEMR,icemr_west_africa
EUPATH_0027069,West Africa ICEMR,icemr_west_africa
EUPATH_0027070,West Africa ICEMR,icemr_west_africa
EUPATH_0027071,West Africa ICEMR,icemr_west_africa
EUPATH_0027072,West Africa ICEMR,icemr_west_africa
EUPATH_0027073,West Africa ICEMR,icemr_west_africa
EUPATH_0027074,West Africa ICEMR,icemr_west_africa
EUPATH_0027075,West Africa ICEMR,icemr_west_africa
EUPATH_0027076,West Africa ICEMR,icemr_west_africa
EUPATH_0027077,West Africa ICEMR,icemr_west_africa
EUPATH_0027078,West Africa ICEMR,icemr_west_africa
EUPATH_0027079,West Africa ICEMR,icemr_west_africa
EUPATH_0027080,West Africa ICEMR,icemr_west_africa
EUPATH_0027081,West Africa ICEMR,icemr_west_africa
EUPATH_0027082,West Africa ICEMR,icemr_west_africa
EUPATH_0027083,West Africa ICEMR,icemr_west_africa
EUPATH_0027084,West Africa ICEMR,icemr_west_africa
EUPATH_0027085,West Africa ICEMR,icemr_west_africa
EUPATH_0027086,West Africa ICEMR,icemr_west_africa
EUPATH_0027087,West Africa ICEMR,icemr_west_africa
EUPATH_0027088,West Africa ICEMR,icemr_west_africa
EUPATH_0027089,West Africa ICEMR,icemr_west_africa
EUPATH_0027090,West Africa ICEMR,icemr_west_africa
EUPATH_0027091,West Africa ICEMR,icemr_west_africa
EUPATH_0027092,West Africa ICEMR,icemr_west_africa
EUPATH_0027093,West Africa ICEMR,icemr_west_africa
EUPATH_0027094,West Africa ICEMR,icemr_west_africa
EUPATH_0027095,West Africa ICEMR,icemr_west_africa
EUPATH_0027096,West Africa ICEMR,icemr_west_africa
EUPATH_0027097,West Africa ICEMR,icemr_west_africa
EUPATH_0027098,West Africa ICEMR,icemr_west_africa
EUPATH_0027099,West Africa ICEMR,icemr_west_africa
EUPATH_0027100,West Africa ICEMR,icemr_west_africa
EUPATH_0027101,West Africa ICEMR,icemr_west_africa
EUPATH_0027102,West Africa ICEMR,icemr_west_africa
EUPATH_0027103,West Africa ICEMR,icemr_west_africa
EUPATH_0027104,West Africa ICEMR,icemr_west_africa
EUPATH_0027105,West Africa ICEMR,icemr_west_africa
EUPATH_0027106,West Africa ICEMR,icemr_west_africa
EUPATH_0027107,West Africa ICEMR,icemr_west_africa
EUPATH_0027108,West Africa ICEMR,icemr_west_africa
EUPATH_0028001,PRISM2 ICEMR Border Cohort,icemr_prism2_border_cohort
EUPATH_0028002,PRISM2 ICEMR Border Cohort,icemr_prism2_border_cohort
EUPATH_0028003,PRISM2 ICEMR Border Cohort,icemr_prism2_border_cohort
EUPATH_0028004,PRISM2 ICEMR Border Cohort,icemr_prism2_border_cohort
EUPATH_0028005,PRISM2 ICEMR Border Cohort,icemr_prism2_border_cohort
EUPATH_0028006,PRISM2 ICEMR Border Cohort,icemr_prism2_border_cohort
EUPATH_0028007,PRISM2 ICEMR Border Cohort,icemr_prism2_border_cohort
EUPATH_0028008,PRISM2 ICEMR Border Cohort,icemr_prism2_border_cohort
EUPATH_0028009,PRISM2 ICEMR Border Cohort,icemr_prism2_border_cohort
EUPATH_0028010,PRISM2 ICEMR Border Cohort,icemr_prism2_border_cohort
EUPATH_0028011,PRISM2 ICEMR Border Cohort,icemr_prism2_border_cohort
EUPATH_0028012,PRISM2 ICEMR Border Cohort,icemr_prism2_border_cohort
EUPATH_0028013,PRISM2 ICEMR Border Cohort,icemr_prism2_border_cohort
EUPATH_0028015,PRISM2 ICEMR Border Cohort,icemr_prism2_border_cohort
EUPATH_0028016,PRISM2 ICEMR Border Cohort,icemr_prism2_border_cohort
EUPATH_0028017,PRISM2 ICEMR Border Cohort,icemr_prism2_border_cohort
EUPATH_0028018,PRISM2 ICEMR Border Cohort,icemr_prism2_border_cohort
EUPATH_0028019,SIP,gates_sip
EUPATH_0028019,PROMOTE BC3 Cohort,general_promote
EUPATH_0028019,PRISM2 ICEMR Border Cohort,icemr_prism2_border_cohort
EUPATH_0028020,UMSP Surveillance,general_umsp
EUPATH_0028020,PRISM2 ICEMR Border Cohort,icemr_prism2_border_cohort
EUPATH_0029001,India ICEMR Meghalaya Cohort,icemr_india_meghalaya
EUPATH_0029002,India ICEMR Meghalaya Cohort,icemr_india_meghalaya
EUPATH_0029003,India ICEMR Meghalaya Cohort,icemr_india_meghalaya
EUPATH_0029004,India ICEMR Meghalaya Cohort,icemr_india_meghalaya
EUPATH_0029005,India ICEMR Meghalaya Cohort,icemr_india_meghalaya
EUPATH_0029006,India ICEMR Meghalaya Cohort,icemr_india_meghalaya
EUPATH_0029007,India ICEMR DAMaN,icemr_india_daman
EUPATH_0029007,India ICEMR Meghalaya Cohort,icemr_india_meghalaya
EUPATH_0029008,India ICEMR DAMaN,icemr_india_daman
EUPATH_0029008,India ICEMR Meghalaya Cohort,icemr_india_meghalaya
EUPATH_0029009,India ICEMR Meghalaya Cohort,icemr_india_meghalaya
EUPATH_0029010,India ICEMR Meghalaya Cohort,icemr_india_meghalaya
EUPATH_0029011,India ICEMR Meghalaya Cohort,icemr_india_meghalaya
EUPATH_0029012,India ICEMR Meghalaya Cohort,icemr_india_meghalaya
EUPATH_0029015,India ICEMR Meghalaya Cohort,icemr_india_meghalaya
EUPATH_0029016,India ICEMR Meghalaya Cohort,icemr_india_meghalaya
EUPATH_0029017,India ICEMR Meghalaya Cohort,icemr_india_meghalaya
EUPATH_0029018,India ICEMR Meghalaya Cohort,icemr_india_meghalaya
EUPATH_0029019,India ICEMR Meghalaya Cohort,icemr_india_meghalaya
EUPATH_0029019,Myanmar ICEMR,icemr_myanmar
EUPATH_0029020,India ICEMR Meghalaya Cohort,icemr_india_meghalaya
EUPATH_0029021,India ICEMR Meghalaya Cohort,icemr_india_meghalaya
EUPATH_0029022,India ICEMR Meghalaya Cohort,icemr_india_meghalaya
EUPATH_0029023,India ICEMR Meghalaya Cohort,icemr_india_meghalaya
EUPATH_0029024,India ICEMR Meghalaya Cohort,icemr_india_meghalaya
EUPATH_0029025,India ICEMR Meghalaya Cohort,icemr_india_meghalaya
EUPATH_0029026,India ICEMR Meghalaya Cohort,icemr_india_meghalaya
EUPATH_0029027,India ICEMR Meghalaya Cohort,icemr_india_meghalaya
EUPATH_0029028,India ICEMR Meghalaya Cohort,icemr_india_meghalaya
EUPATH_0029029,India ICEMR Meghalaya Cohort,icemr_india_meghalaya
EUPATH_0029030,India ICEMR Meghalaya Cohort,icemr_india_meghalaya
EUPATH_0029031,India ICEMR Meghalaya Cohort,icemr_india_meghalaya
EUPATH_0029032,India ICEMR Meghalaya Cohort,icemr_india_meghalaya
EUPATH_0029033,India ICEMR Meghalaya Cohort,icemr_india_meghalaya
EUPATH_0029034,India ICEMR Meghalaya Cohort,icemr_india_meghalaya
EUPATH_0029035,India ICEMR Meghalaya Cohort,icemr_india_meghalaya
EUPATH_0029036,India ICEMR Meghalaya Cohort,icemr_india_meghalaya
EUPATH_0029037,India ICEMR Meghalaya Cohort,icemr_india_meghalaya
EUPATH_0029038,India ICEMR Meghalaya Cohort,icemr_india_meghalaya
EUPATH_0029039,India ICEMR DAMaN,icemr_india_daman
EUPATH_0029039,India ICEMR Meghalaya Cohort,icemr_india_meghalaya
EUPATH_0029040,India ICEMR Meghalaya Cohort,icemr_india_meghalaya
EUPATH_0029041,India ICEMR Meghalaya Cohort,icemr_india_meghalaya
EUPATH_0029042,India ICEMR DAMaN,icemr_india_daman
EUPATH_0029042,India ICEMR Meghalaya Cohort,icemr_india_meghalaya
EUPATH_0029043,India ICEMR Meghalaya Cohort,icemr_india_meghalaya
EUPATH_0029044,India ICEMR DAMaN,icemr_india_daman
EUPATH_0029044,India ICEMR Meghalaya Cohort,icemr_india_meghalaya
EUPATH_0029045,India ICEMR Meghalaya Cohort,icemr_india_meghalaya
EUPATH_0029046,India ICEMR Meghalaya Cohort,icemr_india_meghalaya
EUPATH_0029047,India ICEMR DAMaN,icemr_india_daman
EUPATH_0029047,India ICEMR Meghalaya Cohort,icemr_india_meghalaya
EUPATH_0029048,India ICEMR Meghalaya Cohort,icemr_india_meghalaya
EUPATH_0029049,India ICEMR Meghalaya Cohort,icemr_india_meghalaya
EUPATH_0029050,India ICEMR Meghalaya Cohort,icemr_india_meghalaya
EUPATH_0029051,India ICEMR Meghalaya Cohort,icemr_india_meghalaya
EUPATH_0029052,India ICEMR Meghalaya Cohort,icemr_india_meghalaya
EUPATH_0029053,India ICEMR Meghalaya Cohort,icemr_india_meghalaya
EUPATH_0029054,India ICEMR Meghalaya Cohort,icemr_india_meghalaya
EUPATH_0030001,,gates_avenir
EUPATH_0030001,SCORE Mozambique Cluster Randomized Trial,gates_score_moz
EUPATH_0030001,SCORE Niger Cluster Randomized Trial,gates_score_nig
EUPATH_0030001,SCORE S. mansoni Cluster Randomized Trial,gates_score_sm_crt
EUPATH_0030002,GEMS1A HUAS Lite Survey,gates_gems1a_huas
EUPATH_0030002,GEMS1 HUAS/HUAS Lite Survey,gates_gems_huas
EUPATH_0030002,SCORE Niger Cluster Randomized Trial,gates_score_nig
EUPATH_0030004,SCORE Niger Cluster Randomized Trial,gates_score_nig
EUPATH_0030004,SCORE Seasonal,gates_score_seasonal
EUPATH_0030005,GEMS1 HUAS/HUAS Lite Survey,gates_gems_huas
EUPATH_0030005,SCORE S. mansoni Cluster Randomized Trial,gates_score_sm_crt
EUPATH_0030005,Southeast Asia ICEMR Surveillance,icemr_southeast_asia
EUPATH_0030016,SCORE Mozambique Cluster Randomized Trial,gates_score_moz
EUPATH_0030016,SCORE Niger Cluster Randomized Trial,gates_score_nig
EUPATH_0030016,SCORE S. mansoni Cluster Randomized Trial,gates_score_sm_crt
EUPATH_0030017,SCORE Mozambique Cluster Randomized Trial,gates_score_moz
EUPATH_0030017,SCORE Niger Cluster Randomized Trial,gates_score_nig
EUPATH_0030017,SCORE S. mansoni Cluster Randomized Trial,gates_score_sm_crt
EUPATH_0030018,SCORE Mozambique Cluster Randomized Trial,gates_score_moz
EUPATH_0030018,SCORE Niger Cluster Randomized Trial,gates_score_nig
EUPATH_0030018,SCORE S. mansoni Cluster Randomized Trial,gates_score_sm_crt
EUPATH_0030019,SCORE Mozambique Cluster Randomized Trial,gates_score_moz
EUPATH_0030019,SCORE Niger Cluster Randomized Trial,gates_score_nig
EUPATH_0030019,SCORE S. mansoni Cluster Randomized Trial,gates_score_sm_crt
EUPATH_0030020,SCORE Mozambique Cluster Randomized Trial,gates_score_moz
EUPATH_0030020,SCORE Niger Cluster Randomized Trial,gates_score_nig
EUPATH_0030020,SCORE S. mansoni Cluster Randomized Trial,gates_score_sm_crt
EUPATH_0030021,SCORE Mozambique Cluster Randomized Trial,gates_score_moz
EUPATH_0030021,SCORE Niger Cluster Randomized Trial,gates_score_nig
EUPATH_0030021,SCORE S. mansoni Cluster Randomized Trial,gates_score_sm_crt
EUPATH_0030024,SCORE Burundi,gates_score_burundi
EUPATH_0030024,SCORE Five Country,gates_score_five_country
EUPATH_0030024,SCORE Rwanda,gates_score_rwanda
EUPATH_0030024,SCORE Sm Cohort,gates_score_sm_cohort
EUPATH_0030024,SCORE S. mansoni Cluster Randomized Trial,gates_score_sm_crt
EUPATH_0030025,MAL-ED 0-60m Cohort,gates_maled
EUPATH_0030025,SCORE Burundi,gates_score_burundi
EUPATH_0030025,SCORE Five Country,gates_score_five_country
EUPATH_0030025,SCORE Rwanda,gates_score_rwanda
EUPATH_0030025,SCORE Seasonal,gates_score_seasonal
EUPATH_0030025,SCORE Sm Cohort,gates_score_sm_cohort
EUPATH_0030025,SCORE S. mansoni Cluster Randomized Trial,gates_score_sm_crt
EUPATH_0030033,SCORE Mozambique Cluster Randomized Trial,gates_score_moz
EUPATH_0030033,SCORE Niger Cluster Randomized Trial,gates_score_nig
EUPATH_0030033,SCORE Seasonal,gates_score_seasonal
EUPATH_0030033,SCORE S. mansoni Cluster Randomized Trial,gates_score_sm_crt
EUPATH_0030033,SCORE Zanzibar,gates_score_zanzibar
EUPATH_0030101,SCORE Burundi,gates_score_burundi
EUPATH_0030101,SCORE Five Country,gates_score_five_country
EUPATH_0030101,SCORE Mozambique Cluster Randomized Trial,gates_score_moz
EUPATH_0030101,SCORE Niger Cluster Randomized Trial,gates_score_nig
EUPATH_0030101,SCORE Rwanda,gates_score_rwanda
EUPATH_0030101,SCORE Seasonal,gates_score_seasonal
EUPATH_0030101,SCORE Zanzibar,gates_score_zanzibar
EUPATH_0030117,GEMS1 Case Control,gates_gems
EUPATH_0030117,GEMS1A Case Control,gates_gems1a
EUPATH_0030117,MAL-ED 0-60m Cohort,gates_maled
EUPATH_0030117,PROVIDE Randomized Controlled Trial,gates_provide
EUPATH_0030117,SCORE Burundi,gates_score_burundi
EUPATH_0030117,SCORE Five Country,gates_score_five_country
EUPATH_0030117,SCORE Rwanda,gates_score_rwanda
EUPATH_0030117,SCORE Seasonal,gates_score_seasonal
EUPATH_0030117,SCORE Sm Cohort,gates_score_sm_cohort
EUPATH_0030117,SCORE S. mansoni Cluster Randomized Trial,gates_score_sm_crt
EUPATH_0030117,Amazonia ICEMR Brazil Cohort,icemr_amazonia_brazil
EUPATH_0030118,GEMS1A Case Control,gates_gems1a
EUPATH_0030118,MAL-ED 0-60m Cohort,gates_maled
EUPATH_0030118,PROVIDE Randomized Controlled Trial,gates_provide
EUPATH_0030118,SCORE Burundi,gates_score_burundi
EUPATH_0030118,SCORE Rwanda,gates_score_rwanda
EUPATH_0030118,SCORE Seasonal,gates_score_seasonal
EUPATH_0030118,SCORE Sm Cohort,gates_score_sm_cohort
EUPATH_0030118,SCORE S. mansoni Cluster Randomized Trial,gates_score_sm_crt
EUPATH_0030119,GEMS1A Case Control,gates_gems1a
EUPATH_0030119,MAL-ED 0-60m Cohort,gates_maled
EUPATH_0030119,PROVIDE Randomized Controlled Trial,gates_provide
EUPATH_0030119,SCORE Burundi,gates_score_burundi
EUPATH_0030119,SCORE Rwanda,gates_score_rwanda
EUPATH_0030119,SCORE Seasonal,gates_score_seasonal
EUPATH_0030119,SCORE Sm Cohort,gates_score_sm_cohort
EUPATH_0030119,SCORE S. mansoni Cluster Randomized Trial,gates_score_sm_crt
EUPATH_0030120,MAL-ED 0-60m Cohort,gates_maled
EUPATH_0030120,PROVIDE Randomized Controlled Trial,gates_provide
EUPATH_0030120,SCORE Burundi,gates_score_burundi
EUPATH_0030120,SCORE Rwanda,gates_score_rwanda
EUPATH_0030120,SCORE Seasonal,gates_score_seasonal
EUPATH_0030120,SCORE Sm Cohort,gates_score_sm_cohort
EUPATH_0030120,SCORE S. mansoni Cluster Randomized Trial,gates_score_sm_crt
EUPATH_0030121,SCORE Burundi,gates_score_burundi
EUPATH_0030121,SCORE Five Country,gates_score_five_country
EUPATH_0030121,SCORE Rwanda,gates_score_rwanda
EUPATH_0030121,SCORE Seasonal,gates_score_seasonal
EUPATH_0030121,SCORE Sm Cohort,gates_score_sm_cohort
EUPATH_0030121,SCORE S. mansoni Cluster Randomized Trial,gates_score_sm_crt
EUPATH_0030122,SCORE Burundi,gates_score_burundi
EUPATH_0030122,SCORE Five Country,gates_score_five_country
EUPATH_0030122,SCORE Mozambique Cluster Randomized Trial,gates_score_moz
EUPATH_0030122,SCORE Niger Cluster Randomized Trial,gates_score_nig
EUPATH_0030122,SCORE Rwanda,gates_score_rwanda
EUPATH_0030122,SCORE Seasonal,gates_score_seasonal
EUPATH_0030122,SCORE Zanzibar,gates_score_zanzibar
EUPATH_0030123,SCORE Five Country,gates_score_five_country
EUPATH_0030123,SCORE Mozambique Cluster Randomized Trial,gates_score_moz
EUPATH_0030123,SCORE Niger Cluster Randomized Trial,gates_score_nig
EUPATH_0030123,SCORE Seasonal,gates_score_seasonal
EUPATH_0030123,SCORE Zanzibar,gates_score_zanzibar
EUPATH_0030124,SCORE Five Country,gates_score_five_country
EUPATH_0030124,SCORE Mozambique Cluster Randomized Trial,gates_score_moz
EUPATH_0030124,SCORE Niger Cluster Randomized Trial,gates_score_nig
EUPATH_0030124,SCORE Seasonal,gates_score_seasonal
EUPATH_0030124,SCORE Zanzibar,gates_score_zanzibar
EUPATH_0030125,SCORE Burundi,gates_score_burundi
EUPATH_0030125,SCORE Five Country,gates_score_five_country
EUPATH_0030125,SCORE Mozambique Cluster Randomized Trial,gates_score_moz
EUPATH_0030125,SCORE Niger Cluster Randomized Trial,gates_score_nig
EUPATH_0030125,SCORE Rwanda,gates_score_rwanda
EUPATH_0030125,SCORE Seasonal,gates_score_seasonal
EUPATH_0030125,SCORE Zanzibar,gates_score_zanzibar
EUPATH_0030126,SCORE Zanzibar,gates_score_zanzibar
EUPATH_0030127,SCORE Zanzibar,gates_score_zanzibar
EUPATH_0030128,SCORE Zanzibar,gates_score_zanzibar
EUPATH_0030129,SCORE Zanzibar,gates_score_zanzibar
EUPATH_0030130,SCORE Zanzibar,gates_score_zanzibar
EUPATH_0030131,SCORE Burundi,gates_score_burundi
EUPATH_0030131,SCORE Five Country,gates_score_five_country
EUPATH_0030131,SCORE Rwanda,gates_score_rwanda
EUPATH_0030131,SCORE Zanzibar,gates_score_zanzibar
EUPATH_0030132,SCORE Niger Cluster Randomized Trial,gates_score_nig
EUPATH_0030133,SCORE Niger Cluster Randomized Trial,gates_score_nig
EUPATH_0030134,SCORE Niger Cluster Randomized Trial,gates_score_nig
EUPATH_0030135,SCORE Niger Cluster Randomized Trial,gates_score_nig
EUPATH_0030136,SCORE Burundi,gates_score_burundi
EUPATH_0030136,SCORE Rwanda,gates_score_rwanda
EUPATH_0030137,SCORE Burundi,gates_score_burundi
EUPATH_0030137,SCORE Rwanda,gates_score_rwanda
EUPATH_0030138,SCORE Burundi,gates_score_burundi
EUPATH_0030138,SCORE Rwanda,gates_score_rwanda
EUPATH_0030139,SCORE Burundi,gates_score_burundi
EUPATH_0030139,SCORE Rwanda,gates_score_rwanda
EUPATH_0030140,SCORE Burundi,gates_score_burundi
EUPATH_0030141,SCORE Burundi,gates_score_burundi
EUPATH_0030141,SCORE Rwanda,gates_score_rwanda
EUPATH_0030142,SCORE Burundi,gates_score_burundi
EUPATH_0030142,SCORE Rwanda,gates_score_rwanda
EUPATH_0030143,SCORE Burundi,gates_score_burundi
EUPATH_0030143,SCORE Five Country,gates_score_five_country
EUPATH_0030143,SCORE Rwanda,gates_score_rwanda
EUPATH_0030144,SCORE Burundi,gates_score_burundi
EUPATH_0030144,SCORE Rwanda,gates_score_rwanda
EUPATH_0030145,SCORE Burundi,gates_score_burundi
EUPATH_0030145,SCORE Five Country,gates_score_five_country
EUPATH_0030145,SCORE Rwanda,gates_score_rwanda
EUPATH_0030146,SCORE Burundi,gates_score_burundi
EUPATH_0030146,SCORE Rwanda,gates_score_rwanda
EUPATH_0030147,SCORE Burundi,gates_score_burundi
EUPATH_0030148,SCORE Burundi,gates_score_burundi
EUPATH_0030148,SCORE Rwanda,gates_score_rwanda
EUPATH_0030149,SCORE Burundi,gates_score_burundi
EUPATH_0030149,SCORE Rwanda,gates_score_rwanda
EUPATH_0030150,SCORE Burundi,gates_score_burundi
EUPATH_0030151,SCORE S. mansoni Cluster Randomized Trial,gates_score_sm_crt
EUPATH_0030152,SCORE Burundi,gates_score_burundi
EUPATH_0030153,SCORE Burundi,gates_score_burundi
EUPATH_0030153,SCORE Rwanda,gates_score_rwanda
EUPATH_0030154,SCORE Burundi,gates_score_burundi
EUPATH_0030154,SCORE Rwanda,gates_score_rwanda
EUPATH_0030156,SCORE Burundi,gates_score_burundi
EUPATH_0030157,SCORE Burundi,gates_score_burundi
EUPATH_0030157,SCORE Five Country,gates_score_five_country
EUPATH_0030157,SCORE Rwanda,gates_score_rwanda
EUPATH_0030158,SCORE Burundi,gates_score_burundi
EUPATH_0030158,SCORE Rwanda,gates_score_rwanda
EUPATH_0030159,SCORE Burundi,gates_score_burundi
EUPATH_0030159,SCORE Rwanda,gates_score_rwanda
EUPATH_0030161,SCORE Mozambique Cluster Randomized Trial,gates_score_moz
EUPATH_0030161,SCORE Niger Cluster Randomized Trial,gates_score_nig
EUPATH_0030161,SCORE Seasonal,gates_score_seasonal
EUPATH_0030161,SCORE Sm Cohort,gates_score_sm_cohort
EUPATH_0030161,SCORE S. mansoni Cluster Randomized Trial,gates_score_sm_crt
EUPATH_0030161,SCORE Zanzibar,gates_score_zanzibar
EUPATH_0030165,SCORE Rwanda,gates_score_rwanda
EUPATH_0030166,SCORE Rwanda,gates_score_rwanda
EUPATH_0030167,SCORE Rwanda,gates_score_rwanda
EUPATH_0030170,SCORE Rwanda,gates_score_rwanda
EUPATH_0030171,SCORE Rwanda,gates_score_rwanda
EUPATH_0030172,SCORE Rwanda,gates_score_rwanda
EUPATH_0030174,,gates_score_burundi
EUPATH_0030174,SCORE Rwanda,gates_score_rwanda
EUPATH_0030175,,gates_score_burundi
EUPATH_0030175,SCORE Rwanda,gates_score_rwanda
EUPATH_0030178,SCORE Mozambique Cluster Randomized Trial,gates_score_moz
EUPATH_0030178,SCORE Niger Cluster Randomized Trial,gates_score_nig
EUPATH_0030178,SCORE Seasonal,gates_score_seasonal
EUPATH_0030178,SCORE S. mansoni Cluster Randomized Trial,gates_score_sm_crt
EUPATH_0030178,SCORE Zanzibar,gates_score_zanzibar
EUPATH_0031003,VIDA Case Control,gates_vida
EUPATH_0031003,VIDA HUCS Gambia Mali,gates_vida_hucs_gambia_mali
EUPATH_0031004,VIDA Case Control,gates_vida
EUPATH_0031004,VIDA HUCS Gambia Mali,gates_vida_hucs_gambia_mali
EUPATH_0031004,VIDA HUCS Kenya,gates_vida_hucs_kenya
EUPATH_0031005,VIDA Case Control,gates_vida
EUPATH_0031005,VIDA HUCS Gambia Mali,gates_vida_hucs_gambia_mali
EUPATH_0031006,VIDA Case Control,gates_vida
EUPATH_0031007,VIDA Case Control,gates_vida
EUPATH_0031009,VIDA Case Control,gates_vida
EUPATH_0031010,VIDA Case Control,gates_vida
EUPATH_0031011,VIDA Case Control,gates_vida
EUPATH_0031016,VIDA Case Control,gates_vida
EUPATH_0031018,VIDA Case Control,gates_vida
EUPATH_0031026,VIDA Case Control,gates_vida
EUPATH_0031027,VIDA Case Control,gates_vida
EUPATH_0031028,VIDA Case Control,gates_vida
EUPATH_0031029,VIDA Case Control,gates_vida
EUPATH_0031030,VIDA Case Control,gates_vida
EUPATH_0031031,VIDA Case Control,gates_vida
EUPATH_0031032,VIDA Case Control,gates_vida
EUPATH_0031041,VIDA Case Control,gates_vida
EUPATH_0031042,VIDA Case Control,gates_vida
EUPATH_0031043,VIDA Case Control,gates_vida
EUPATH_0031045,VIDA Case Control,gates_vida
EUPATH_0031048,VIDA Case Control,gates_vida
EUPATH_0031052,GANC,gates_ganc
EUPATH_0031052,VIDA Case Control,gates_vida
EUPATH_0031052,VIDA HUCS Gambia Mali,gates_vida_hucs_gambia_mali
EUPATH_0031052,VIDA HUCS Kenya,gates_vida_hucs_kenya
EUPATH_0031052,Malawi ICEMR Case-Control,icemr_malawi
EUPATH_0031055,VIDA Case Control,gates_vida
EUPATH_0031056,VIDA Case Control,gates_vida
EUPATH_0031057,VIDA Case Control,gates_vida
EUPATH_0031058,VIDA Case Control,gates_vida
EUPATH_0031059,VIDA Case Control,gates_vida
EUPATH_0031060,VIDA Case Control,gates_vida
EUPATH_0031061,VIDA Case Control,gates_vida
EUPATH_0031062,VIDA Case Control,gates_vida
EUPATH_0031063,VIDA Case Control,gates_vida
EUPATH_0031064,VIDA Case Control,gates_vida
EUPATH_0031066,VIDA Case Control,gates_vida
EUPATH_0031067,VIDA Case Control,gates_vida
EUPATH_0031068,VIDA Case Control,gates_vida
EUPATH_0031068,VIDA HUCS Gambia Mali,gates_vida_hucs_gambia_mali
EUPATH_0031068,VIDA HUCS Kenya,gates_vida_hucs_kenya
EUPATH_0031069,VIDA Case Control,gates_vida
EUPATH_0031070,VIDA Case Control,gates_vida
EUPATH_0031071,VIDA Case Control,gates_vida
EUPATH_0031072,VIDA Case Control,gates_vida
EUPATH_0031078,VIDA Case Control,gates_vida
EUPATH_0031079,PROVIDE Randomized Controlled Trial,gates_provide
EUPATH_0031079,VIDA Case Control,gates_vida
EUPATH_0031101,PROVIDE Randomized Controlled Trial,gates_provide
EUPATH_0031110,PROVIDE Randomized Controlled Trial,gates_provide
EUPATH_0031113,PROVIDE Randomized Controlled Trial,gates_provide
EUPATH_0031114,PROVIDE Randomized Controlled Trial,gates_provide
EUPATH_0031115,PROVIDE Randomized Controlled Trial,gates_provide
EUPATH_0031116,VIDA HUCS Gambia Mali,gates_vida_hucs_gambia_mali
EUPATH_0031116,VIDA HUCS Kenya,gates_vida_hucs_kenya
EUPATH_0031145,PROVIDE Randomized Controlled Trial,gates_provide
EUPATH_0031148,"avenir,baseline",gates_avenir
EUPATH_0031148,VIDA Case Control,gates_vida
EUPATH_0031149,VIDA Case Control,gates_vida
EUPATH_0031151,VIDA Case Control,gates_vida
EUPATH_0031151,India ICEMR Meghalaya Cohort,icemr_india_meghalaya
EUPATH_0031173,VIDA Case Control,gates_vida
EUPATH_0031174,VIDA Case Control,gates_vida
EUPATH_0031175,VIDA Case Control,gates_vida
EUPATH_0031176,VIDA Case Control,gates_vida
EUPATH_0031177,VIDA Case Control,gates_vida
EUPATH_0031178,VIDA Case Control,gates_vida
EUPATH_0031179,VIDA Case Control,gates_vida
EUPATH_0031180,VIDA Case Control,gates_vida
EUPATH_0031181,VIDA Case Control,gates_vida
EUPATH_0031182,VIDA Case Control,gates_vida
EUPATH_0031183,VIDA Case Control,gates_vida
EUPATH_0031184,VIDA Case Control,gates_vida
EUPATH_0031185,VIDA Case Control,gates_vida
EUPATH_0031186,VIDA Case Control,gates_vida
EUPATH_0031187,VIDA Case Control,gates_vida
EUPATH_0031188,VIDA Case Control,gates_vida
EUPATH_0031189,VIDA Case Control,gates_vida
EUPATH_0031190,VIDA Case Control,gates_vida
EUPATH_0031191,VIDA Case Control,gates_vida
EUPATH_0031192,VIDA Case Control,gates_vida
EUPATH_0031193,VIDA Case Control,gates_vida
EUPATH_0031194,VIDA Case Control,gates_vida
EUPATH_0031195,VIDA Case Control,gates_vida
EUPATH_0031196,VIDA Case Control,gates_vida
EUPATH_0031198,VIDA Case Control,gates_vida
EUPATH_0031199,VIDA Case Control,gates_vida
EUPATH_0031200,VIDA Case Control,gates_vida
EUPATH_0031203,VIDA Case Control,gates_vida
EUPATH_0031205,VIDA Case Control,gates_vida
EUPATH_0031206,VIDA Case Control,gates_vida
EUPATH_0031207,VIDA Case Control,gates_vida
EUPATH_0031209,VIDA Case Control,gates_vida
EUPATH_0031210,VIDA Case Control,gates_vida
EUPATH_0031211,"avenir,baseline",gates_avenir
EUPATH_0031211,VIDA Case Control,gates_vida
EUPATH_0031211,VIDA HUCS Gambia Mali,gates_vida_hucs_gambia_mali
EUPATH_0031211,VIDA HUCS Kenya,gates_vida_hucs_kenya
EUPATH_0031212,"avenir,baseline",gates_avenir
EUPATH_0031212,VIDA Case Control,gates_vida
EUPATH_0031212,VIDA HUCS Gambia Mali,gates_vida_hucs_gambia_mali
EUPATH_0031212,VIDA HUCS Kenya,gates_vida_hucs_kenya
EUPATH_0031213,VIDA Case Control,gates_vida
EUPATH_0031213,VIDA HUCS Gambia Mali,gates_vida_hucs_gambia_mali
EUPATH_0031214,"avenir,baseline",gates_avenir
EUPATH_0031214,VIDA Case Control,gates_vida
EUPATH_0031214,VIDA HUCS Gambia Mali,gates_vida_hucs_gambia_mali
EUPATH_0031214,VIDA HUCS Kenya,gates_vida_hucs_kenya
EUPATH_0031215,VIDA Case Control,gates_vida
EUPATH_0031215,VIDA HUCS Gambia Mali,gates_vida_hucs_gambia_mali
EUPATH_0031216,VIDA Case Control,gates_vida
EUPATH_0031216,VIDA HUCS Gambia Mali,gates_vida_hucs_gambia_mali
EUPATH_0031217,VIDA Case Control,gates_vida
EUPATH_0031217,VIDA HUCS Gambia Mali,gates_vida_hucs_gambia_mali
EUPATH_0031219,VIDA Case Control,gates_vida
EUPATH_0031219,VIDA HUCS Gambia Mali,gates_vida_hucs_gambia_mali
EUPATH_0031220,VIDA Case Control,gates_vida
EUPATH_0031220,VIDA HUCS Gambia Mali,gates_vida_hucs_gambia_mali
EUPATH_0031221,VIDA Case Control,gates_vida
EUPATH_0031221,VIDA HUCS Gambia Mali,gates_vida_hucs_gambia_mali
EUPATH_0031222,VIDA Case Control,gates_vida
EUPATH_0031223,VIDA Case Control,gates_vida
EUPATH_0031224,VIDA Case Control,gates_vida
EUPATH_0031225,GANC,gates_ganc
EUPATH_0031225,VIDA Case Control,gates_vida
EUPATH_0031225,VIDA HUCS Gambia Mali,gates_vida_hucs_gambia_mali
EUPATH_0031225,VIDA HUCS Kenya,gates_vida_hucs_kenya
EUPATH_0031226,VIDA Case Control,gates_vida
EUPATH_0031227,VIDA Case Control,gates_vida
EUPATH_0031228,SHINE,gates_shine
EUPATH_0031228,VIDA Case Control,gates_vida
EUPATH_0031229,VIDA Case Control,gates_vida
EUPATH_0031230,PROVIDE Randomized Controlled Trial,gates_provide
EUPATH_0031230,VIDA Case Control,gates_vida
EUPATH_0031230,VIDA HUCS Gambia Mali,gates_vida_hucs_gambia_mali
EUPATH_0031231,VIDA Case Control,gates_vida
EUPATH_0031231,VIDA HUCS Gambia Mali,gates_vida_hucs_gambia_mali
EUPATH_0031232,VIDA Case Control,gates_vida
EUPATH_0031232,VIDA HUCS Gambia Mali,gates_vida_hucs_gambia_mali
EUPATH_0031233,VIDA Case Control,gates_vida
EUPATH_0031233,VIDA HUCS Gambia Mali,gates_vida_hucs_gambia_mali
EUPATH_0031234,VIDA Case Control,gates_vida
EUPATH_0031234,VIDA HUCS Gambia Mali,gates_vida_hucs_gambia_mali
EUPATH_0031235,VIDA Case Control,gates_vida
EUPATH_0031236,VIDA Case Control,gates_vida
EUPATH_0031236,VIDA HUCS Gambia Mali,gates_vida_hucs_gambia_mali
EUPATH_0031237,VIDA Case Control,gates_vida
EUPATH_0031237,VIDA HUCS Gambia Mali,gates_vida_hucs_gambia_mali
EUPATH_0031238,VIDA Case Control,gates_vida
EUPATH_0031238,VIDA HUCS Gambia Mali,gates_vida_hucs_gambia_mali
EUPATH_0031239,VIDA Case Control,gates_vida
EUPATH_0031240,VIDA Case Control,gates_vida
EUPATH_0031240,VIDA HUCS Gambia Mali,gates_vida_hucs_gambia_mali
EUPATH_0031241,VIDA Case Control,gates_vida
EUPATH_0031241,VIDA HUCS Gambia Mali,gates_vida_hucs_gambia_mali
EUPATH_0031242,VIDA Case Control,gates_vida
EUPATH_0031244,VIDA Case Control,gates_vida
EUPATH_0031245,VIDA Case Control,gates_vida
EUPATH_0031247,PROVIDE Randomized Controlled Trial,gates_provide
EUPATH_0031247,VIDA Case Control,gates_vida
EUPATH_0031247,VIDA HUCS Gambia Mali,gates_vida_hucs_gambia_mali
EUPATH_0031247,VIDA HUCS Kenya,gates_vida_hucs_kenya
EUPATH_0031248,VIDA Case Control,gates_vida
EUPATH_0031248,VIDA HUCS Gambia Mali,gates_vida_hucs_gambia_mali
EUPATH_0031248,VIDA HUCS Kenya,gates_vida_hucs_kenya
EUPATH_0031249,VIDA Case Control,gates_vida
EUPATH_0031249,VIDA HUCS Gambia Mali,gates_vida_hucs_gambia_mali
EUPATH_0031249,VIDA HUCS Kenya,gates_vida_hucs_kenya
EUPATH_0031251,VIDA Case Control,gates_vida
EUPATH_0031251,VIDA HUCS Gambia Mali,gates_vida_hucs_gambia_mali
EUPATH_0031253,VIDA Case Control,gates_vida
EUPATH_0031253,VIDA HUCS Gambia Mali,gates_vida_hucs_gambia_mali
EUPATH_0031254,VIDA Case Control,gates_vida
EUPATH_0031254,VIDA HUCS Gambia Mali,gates_vida_hucs_gambia_mali
EUPATH_0031255,VIDA Case Control,gates_vida
EUPATH_0031255,VIDA HUCS Gambia Mali,gates_vida_hucs_gambia_mali
EUPATH_0031256,VIDA Case Control,gates_vida
EUPATH_0031256,VIDA HUCS Gambia Mali,gates_vida_hucs_gambia_mali
EUPATH_0031257,VIDA Case Control,gates_vida
EUPATH_0031257,VIDA HUCS Gambia Mali,gates_vida_hucs_gambia_mali
EUPATH_0031258,VIDA Case Control,gates_vida
EUPATH_0031258,VIDA HUCS Gambia Mali,gates_vida_hucs_gambia_mali
EUPATH_0031259,VIDA Case Control,gates_vida
EUPATH_0031259,VIDA HUCS Gambia Mali,gates_vida_hucs_gambia_mali
EUPATH_0031261,VIDA Case Control,gates_vida
EUPATH_0031261,VIDA HUCS Gambia Mali,gates_vida_hucs_gambia_mali
EUPATH_0031266,"avenir,baseline",gates_avenir
EUPATH_0031266,VIDA Case Control,gates_vida
EUPATH_0031266,VIDA HUCS Gambia Mali,gates_vida_hucs_gambia_mali
EUPATH_0031266,VIDA HUCS Kenya,gates_vida_hucs_kenya
EUPATH_0031268,VIDA Case Control,gates_vida
EUPATH_0031268,VIDA HUCS Gambia Mali,gates_vida_hucs_gambia_mali
EUPATH_0031269,VIDA Case Control,gates_vida
EUPATH_0031269,VIDA HUCS Gambia Mali,gates_vida_hucs_gambia_mali
EUPATH_0031270,"avenir,baseline",gates_avenir
EUPATH_0031270,VIDA Case Control,gates_vida
EUPATH_0031270,VIDA HUCS Gambia Mali,gates_vida_hucs_gambia_mali
EUPATH_0031270,VIDA HUCS Kenya,gates_vida_hucs_kenya
EUPATH_0031271,VIDA Case Control,gates_vida
EUPATH_0031271,VIDA HUCS Gambia Mali,gates_vida_hucs_gambia_mali
EUPATH_0031272,VIDA Case Control,gates_vida
EUPATH_0031272,VIDA HUCS Gambia Mali,gates_vida_hucs_gambia_mali
EUPATH_0031273,VIDA Case Control,gates_vida
EUPATH_0031273,VIDA HUCS Gambia Mali,gates_vida_hucs_gambia_mali
EUPATH_0031274,"avenir,baseline",gates_avenir
EUPATH_0031274,VIDA Case Control,gates_vida
EUPATH_0031274,VIDA HUCS Gambia Mali,gates_vida_hucs_gambia_mali
EUPATH_0031275,VIDA Case Control,gates_vida
EUPATH_0031275,VIDA HUCS Gambia Mali,gates_vida_hucs_gambia_mali
EUPATH_0031276,VIDA Case Control,gates_vida
EUPATH_0031276,VIDA HUCS Gambia Mali,gates_vida_hucs_gambia_mali
EUPATH_0031277,VIDA Case Control,gates_vida
EUPATH_0031277,VIDA HUCS Gambia Mali,gates_vida_hucs_gambia_mali
EUPATH_0031278,VIDA Case Control,gates_vida
EUPATH_0031278,VIDA HUCS Gambia Mali,gates_vida_hucs_gambia_mali
EUPATH_0031280,VIDA Case Control,gates_vida
EUPATH_0031281,VIDA Case Control,gates_vida
EUPATH_0031285,PROVIDE Randomized Controlled Trial,gates_provide
EUPATH_0031286,PROVIDE Randomized Controlled Trial,gates_provide
EUPATH_0031286,VIDA Case Control,gates_vida
EUPATH_0031287,VIDA Case Control,gates_vida
EUPATH_0031288,VIDA Case Control,gates_vida
EUPATH_0031289,VIDA Case Control,gates_vida
EUPATH_0031290,VIDA Case Control,gates_vida
EUPATH_0031291,VIDA Case Control,gates_vida
EUPATH_0031292,VIDA Case Control,gates_vida
EUPATH_0031293,VIDA Case Control,gates_vida
EUPATH_0031294,VIDA Case Control,gates_vida
EUPATH_0031296,VIDA Case Control,gates_vida
EUPATH_0031297,VIDA Case Control,gates_vida
EUPATH_0031298,VIDA Case Control,gates_vida
EUPATH_0031299,PROVIDE Randomized Controlled Trial,gates_provide
EUPATH_0031299,VIDA Case Control,gates_vida
EUPATH_0031302,VIDA Case Control,gates_vida
EUPATH_0031303,VIDA Case Control,gates_vida
EUPATH_0031304,VIDA Case Control,gates_vida
EUPATH_0031304,VIDA HUCS Gambia Mali,gates_vida_hucs_gambia_mali
EUPATH_0031304,VIDA HUCS Kenya,gates_vida_hucs_kenya
EUPATH_0031305,VIDA Case Control,gates_vida
EUPATH_0031306,VIDA Case Control,gates_vida
EUPATH_0031307,VIDA Case Control,gates_vida
EUPATH_0031308,VIDA Case Control,gates_vida
EUPATH_0031309,VIDA Case Control,gates_vida
EUPATH_0031310,VIDA Case Control,gates_vida
EUPATH_0031311,VIDA Case Control,gates_vida
EUPATH_0031312,VIDA Case Control,gates_vida
EUPATH_0031313,VIDA Case Control,gates_vida
EUPATH_0031314,VIDA Case Control,gates_vida
EUPATH_0031315,VIDA Case Control,gates_vida
EUPATH_0031316,VIDA Case Control,gates_vida
EUPATH_0031317,VIDA Case Control,gates_vida
EUPATH_0031318,VIDA Case Control,gates_vida
EUPATH_0031319,PROVIDE Randomized Controlled Trial,gates_provide
EUPATH_0031319,VIDA Case Control,gates_vida
EUPATH_0031320,VIDA Case Control,gates_vida
EUPATH_0031321,VIDA Case Control,gates_vida
EUPATH_0031321,VIDA HUCS Gambia Mali,gates_vida_hucs_gambia_mali
EUPATH_0031322,VIDA Case Control,gates_vida
EUPATH_0031323,VIDA Case Control,gates_vida
EUPATH_0031324,VIDA Case Control,gates_vida
EUPATH_0031327,VIDA Case Control,gates_vida
EUPATH_0031328,VIDA Case Control,gates_vida
EUPATH_0031329,VIDA Case Control,gates_vida
EUPATH_0031330,VIDA Case Control,gates_vida
EUPATH_0031331,VIDA Case Control,gates_vida
EUPATH_0031331,VIDA HUCS Gambia Mali,gates_vida_hucs_gambia_mali
EUPATH_0031331,VIDA HUCS Kenya,gates_vida_hucs_kenya
EUPATH_0031332,VIDA Case Control,gates_vida
EUPATH_0031332,VIDA HUCS Gambia Mali,gates_vida_hucs_gambia_mali
EUPATH_0031332,VIDA HUCS Kenya,gates_vida_hucs_kenya
EUPATH_0031333,VIDA Case Control,gates_vida
EUPATH_0031333,VIDA HUCS Gambia Mali,gates_vida_hucs_gambia_mali
EUPATH_0031334,VIDA Case Control,gates_vida
EUPATH_0031334,VIDA HUCS Gambia Mali,gates_vida_hucs_gambia_mali
EUPATH_0031335,VIDA Case Control,gates_vida
EUPATH_0031335,VIDA HUCS Gambia Mali,gates_vida_hucs_gambia_mali
EUPATH_0031335,VIDA HUCS Kenya,gates_vida_hucs_kenya
EUPATH_0031336,VIDA Case Control,gates_vida
EUPATH_0031336,VIDA HUCS Gambia Mali,gates_vida_hucs_gambia_mali
EUPATH_0031337,VIDA Case Control,gates_vida
EUPATH_0031337,VIDA HUCS Gambia Mali,gates_vida_hucs_gambia_mali
EUPATH_0031338,VIDA Case Control,gates_vida
EUPATH_0031338,VIDA HUCS Gambia Mali,gates_vida_hucs_gambia_mali
EUPATH_0031339,VIDA Case Control,gates_vida
EUPATH_0031339,VIDA HUCS Gambia Mali,gates_vida_hucs_gambia_mali
EUPATH_0031339,VIDA HUCS Kenya,gates_vida_hucs_kenya
EUPATH_0031340,VIDA Case Control,gates_vida
EUPATH_0031340,VIDA HUCS Gambia Mali,gates_vida_hucs_gambia_mali
EUPATH_0031340,VIDA HUCS Kenya,gates_vida_hucs_kenya
EUPATH_0031341,VIDA Case Control,gates_vida
EUPATH_0031341,VIDA HUCS Gambia Mali,gates_vida_hucs_gambia_mali
EUPATH_0031341,VIDA HUCS Kenya,gates_vida_hucs_kenya
EUPATH_0031342,VIDA Case Control,gates_vida
EUPATH_0031342,VIDA HUCS Gambia Mali,gates_vida_hucs_gambia_mali
EUPATH_0031342,VIDA HUCS Kenya,gates_vida_hucs_kenya
EUPATH_0031343,VIDA Case Control,gates_vida
EUPATH_0031343,VIDA HUCS Gambia Mali,gates_vida_hucs_gambia_mali
EUPATH_0031343,VIDA HUCS Kenya,gates_vida_hucs_kenya
EUPATH_0031344,VIDA Case Control,gates_vida
EUPATH_0031344,VIDA HUCS Gambia Mali,gates_vida_hucs_gambia_mali
EUPATH_0031346,VIDA Case Control,gates_vida
EUPATH_0032001,PERCH Case Control,gates_perch
EUPATH_0032002,PERCH Case Control,gates_perch
EUPATH_0032003,PERCH Case Control,gates_perch
EUPATH_0032004,PERCH Case Control,gates_perch
EUPATH_0032005,PERCH Case Control,gates_perch
EUPATH_0032006,PERCH Case Control,gates_perch
EUPATH_0032007,PERCH Case Control,gates_perch
EUPATH_0032008,PERCH Case Control,gates_perch
EUPATH_0032009,PERCH Case Control,gates_perch
EUPATH_0032010,PERCH Case Control,gates_perch
EUPATH_0032011,PERCH Case Control,gates_perch
EUPATH_0032012,PERCH Case Control,gates_perch
EUPATH_0032013,PERCH Case Control,gates_perch
EUPATH_0032014,PERCH Case Control,gates_perch
EUPATH_0032015,PERCH Case Control,gates_perch
EUPATH_0032016,PERCH Case Control,gates_perch
EUPATH_0032017,PERCH Case Control,gates_perch
EUPATH_0032018,PERCH Case Control,gates_perch
EUPATH_0032019,PERCH Case Control,gates_perch
EUPATH_0032020,PERCH Case Control,gates_perch
EUPATH_0032021,PERCH Case Control,gates_perch
EUPATH_0032022,PERCH Case Control,gates_perch
EUPATH_0032023,PERCH Case Control,gates_perch
EUPATH_0032024,PERCH Case Control,gates_perch
EUPATH_0032025,PERCH Case Control,gates_perch
EUPATH_0032026,PERCH Case Control,gates_perch
EUPATH_0032027,PERCH Case Control,gates_perch
EUPATH_0032028,PERCH Case Control,gates_perch
EUPATH_0032029,PERCH Case Control,gates_perch
EUPATH_0032030,PERCH Case Control,gates_perch
EUPATH_0032034,PERCH Case Control,gates_perch
EUPATH_0032042,PERCH Case Control,gates_perch
EUPATH_0032043,PERCH Case Control,gates_perch
EUPATH_0032044,PERCH Case Control,gates_perch
EUPATH_0032045,PERCH Case Control,gates_perch
EUPATH_0032046,PERCH Case Control,gates_perch
EUPATH_0032047,PERCH Case Control,gates_perch
EUPATH_0032048,PERCH Case Control,gates_perch
EUPATH_0032048,Kalifabougou,general_kalifabougou
EUPATH_0032048,PROMOTE BC3 Cohort,general_promote
EUPATH_0032048,West Africa ICEMR,icemr_west_africa
EUPATH_0032049,PERCH Case Control,gates_perch
EUPATH_0032049,SIP,gates_sip
EUPATH_0032049,India ICEMR Severe P.vivax and falciparum Cohort,icemr_india_severe_malaria
EUPATH_0032049,PRISM2 ICEMR Border Cohort,icemr_prism2_border_cohort
EUPATH_0032050,PERCH Case Control,gates_perch
EUPATH_0032051,PERCH Case Control,gates_perch
EUPATH_0032052,PERCH Case Control,gates_perch
EUPATH_0032052,SIP,gates_sip
EUPATH_0032053,PERCH Case Control,gates_perch
EUPATH_0032057,PERCH Case Control,gates_perch
EUPATH_0032057,SIP,gates_sip
EUPATH_0032058,PERCH Case Control,gates_perch
EUPATH_0032127,PERCH Case Control,gates_perch
EUPATH_0032128,PERCH Case Control,gates_perch
EUPATH_0032129,PERCH Case Control,gates_perch
EUPATH_0032131,PERCH Case Control,gates_perch
EUPATH_0032132,PERCH Case Control,gates_perch
EUPATH_0032133,PERCH Case Control,gates_perch
EUPATH_0032135,PERCH Case Control,gates_perch
EUPATH_0032136,PERCH Case Control,gates_perch
EUPATH_0032137,PERCH Case Control,gates_perch
EUPATH_0032138,PERCH Case Control,gates_perch
EUPATH_0032140,PERCH Case Control,gates_perch
EUPATH_0032142,PERCH Case Control,gates_perch
EUPATH_0032143,PERCH Case Control,gates_perch
EUPATH_0032144,PERCH Case Control,gates_perch
EUPATH_0032147,PERCH Case Control,gates_perch
EUPATH_0032149,PERCH Case Control,gates_perch
EUPATH_0032150,PERCH Case Control,gates_perch
EUPATH_0032155,PERCH Case Control,gates_perch
EUPATH_0032156,PERCH Case Control,gates_perch
EUPATH_0032161,PERCH Case Control,gates_perch
EUPATH_0032164,PERCH Case Control,gates_perch
EUPATH_0032165,PERCH Case Control,gates_perch
EUPATH_0032166,PERCH Case Control,gates_perch
EUPATH_0032170,PERCH Case Control,gates_perch
EUPATH_0032172,PERCH Case Control,gates_perch
EUPATH_0032174,PERCH Case Control,gates_perch
EUPATH_0032175,PERCH Case Control,gates_perch
EUPATH_0032176,PERCH Case Control,gates_perch
EUPATH_0032177,PERCH Case Control,gates_perch
EUPATH_0032178,PERCH Case Control,gates_perch
EUPATH_0032181,PERCH Case Control,gates_perch
EUPATH_0032187,PERCH Case Control,gates_perch
EUPATH_0032188,PERCH Case Control,gates_perch
EUPATH_0032189,PERCH Case Control,gates_perch
EUPATH_0032190,PERCH Case Control,gates_perch
EUPATH_0032195,PERCH Case Control,gates_perch
EUPATH_0032196,PERCH Case Control,gates_perch
EUPATH_0032197,ELICIT,gates_elicit
EUPATH_0032197,PERCH Case Control,gates_perch
EUPATH_0032198,PERCH Case Control,gates_perch
EUPATH_0032199,PERCH Case Control,gates_perch
EUPATH_0032200,PERCH Case Control,gates_perch
EUPATH_0032201,PERCH Case Control,gates_perch
EUPATH_0032202,PERCH Case Control,gates_perch
EUPATH_0032203,PERCH Case Control,gates_perch
EUPATH_0032204,PERCH Case Control,gates_perch
EUPATH_0032205,PERCH Case Control,gates_perch
EUPATH_0032206,PERCH Case Control,gates_perch
EUPATH_0032207,PERCH Case Control,gates_perch
EUPATH_0032209,PERCH Case Control,gates_perch
EUPATH_0032212,PERCH Case Control,gates_perch
EUPATH_0032213,PERCH Case Control,gates_perch
EUPATH_0032214,PERCH Case Control,gates_perch
EUPATH_0032215,PERCH Case Control,gates_perch
EUPATH_0032216,PERCH Case Control,gates_perch
EUPATH_0032217,PERCH Case Control,gates_perch
EUPATH_0032218,PERCH Case Control,gates_perch
EUPATH_0032219,PERCH Case Control,gates_perch
EUPATH_0032220,PERCH Case Control,gates_perch
EUPATH_0032221,PERCH Case Control,gates_perch
EUPATH_0032222,PERCH Case Control,gates_perch
EUPATH_0032223,PERCH Case Control,gates_perch
EUPATH_0032224,PERCH Case Control,gates_perch
EUPATH_0032225,PERCH Case Control,gates_perch
EUPATH_0032247,PERCH Case Control,gates_perch
EUPATH_0032248,PERCH Case Control,gates_perch
EUPATH_0032249,PERCH Case Control,gates_perch
EUPATH_0032250,PERCH Case Control,gates_perch
EUPATH_0032251,PERCH Case Control,gates_perch
EUPATH_0032252,PERCH Case Control,gates_perch
EUPATH_0032253,PERCH Case Control,gates_perch
EUPATH_0032258,PERCH Case Control,gates_perch
EUPATH_0032259,PERCH Case Control,gates_perch
EUPATH_0032260,PERCH Case Control,gates_perch
EUPATH_0032261,PERCH Case Control,gates_perch
EUPATH_0032262,PERCH Case Control,gates_perch
EUPATH_0032263,PERCH Case Control,gates_perch
EUPATH_0032264,PERCH Case Control,gates_perch
EUPATH_0032265,PERCH Case Control,gates_perch
EUPATH_0032266,PERCH Case Control,gates_perch
EUPATH_0032267,PERCH Case Control,gates_perch
EUPATH_0032268,PERCH Case Control,gates_perch
EUPATH_0032269,PERCH Case Control,gates_perch
EUPATH_0032270,PERCH Case Control,gates_perch
EUPATH_0032271,PERCH Case Control,gates_perch
EUPATH_0032272,PERCH Case Control,gates_perch
EUPATH_0032273,PERCH Case Control,gates_perch
EUPATH_0032274,PERCH Case Control,gates_perch
EUPATH_0032275,PERCH Case Control,gates_perch
EUPATH_0032276,PERCH Case Control,gates_perch
EUPATH_0032277,PERCH Case Control,gates_perch
EUPATH_0032278,PERCH Case Control,gates_perch
EUPATH_0032279,PERCH Case Control,gates_perch
EUPATH_0032280,PERCH Case Control,gates_perch
EUPATH_0032281,PERCH Case Control,gates_perch
EUPATH_0032282,PERCH Case Control,gates_perch
EUPATH_0032283,PERCH Case Control,gates_perch
EUPATH_0032284,PERCH Case Control,gates_perch
EUPATH_0032285,PERCH Case Control,gates_perch
EUPATH_0032286,PERCH Case Control,gates_perch
EUPATH_0032287,PERCH Case Control,gates_perch
EUPATH_0032288,PERCH Case Control,gates_perch
EUPATH_0032289,PERCH Case Control,gates_perch
EUPATH_0032290,PERCH Case Control,gates_perch
EUPATH_0032291,PERCH Case Control,gates_perch
EUPATH_0032292,PERCH Case Control,gates_perch
EUPATH_0032293,PERCH Case Control,gates_perch
EUPATH_0032294,PERCH Case Control,gates_perch
EUPATH_0032295,PERCH Case Control,gates_perch
EUPATH_0032296,PERCH Case Control,gates_perch
EUPATH_0032297,PERCH Case Control,gates_perch
EUPATH_0032298,PERCH Case Control,gates_perch
EUPATH_0032299,PERCH Case Control,gates_perch
EUPATH_0032300,PERCH Case Control,gates_perch
EUPATH_0032301,PERCH Case Control,gates_perch
EUPATH_0032302,PERCH Case Control,gates_perch
EUPATH_0032303,PERCH Case Control,gates_perch
EUPATH_0032304,PERCH Case Control,gates_perch
EUPATH_0032305,PERCH Case Control,gates_perch
EUPATH_0032306,PERCH Case Control,gates_perch
EUPATH_0032307,PERCH Case Control,gates_perch
EUPATH_0032309,PERCH Case Control,gates_perch
EUPATH_0032310,PERCH Case Control,gates_perch
EUPATH_0032311,PERCH Case Control,gates_perch
EUPATH_0032317,PERCH Case Control,gates_perch
EUPATH_0032318,PERCH Case Control,gates_perch
EUPATH_0032319,PERCH Case Control,gates_perch
EUPATH_0032320,PERCH Case Control,gates_perch
EUPATH_0032321,PERCH Case Control,gates_perch
EUPATH_0032322,PERCH Case Control,gates_perch
EUPATH_0032323,PERCH Case Control,gates_perch
EUPATH_0032324,PERCH Case Control,gates_perch
EUPATH_0032325,PERCH Case Control,gates_perch
EUPATH_0032326,PERCH Case Control,gates_perch
EUPATH_0032327,PERCH Case Control,gates_perch
EUPATH_0032328,PERCH Case Control,gates_perch
EUPATH_0032329,PERCH Case Control,gates_perch
EUPATH_0032330,PERCH Case Control,gates_perch
EUPATH_0032331,PERCH Case Control,gates_perch
EUPATH_0032332,PERCH Case Control,gates_perch
EUPATH_0032333,PERCH Case Control,gates_perch
EUPATH_0032334,PERCH Case Control,gates_perch
EUPATH_0032335,PERCH Case Control,gates_perch
EUPATH_0032336,PERCH Case Control,gates_perch
EUPATH_0032337,PERCH Case Control,gates_perch
EUPATH_0032338,PERCH Case Control,gates_perch
EUPATH_0032339,PERCH Case Control,gates_perch
EUPATH_0032340,PERCH Case Control,gates_perch
EUPATH_0032341,PERCH Case Control,gates_perch
EUPATH_0032342,PERCH Case Control,gates_perch
EUPATH_0032343,PERCH Case Control,gates_perch
EUPATH_0032344,PERCH Case Control,gates_perch
EUPATH_0032345,PERCH Case Control,gates_perch
EUPATH_0032346,PERCH Case Control,gates_perch
EUPATH_0032347,PERCH Case Control,gates_perch
EUPATH_0032348,PERCH Case Control,gates_perch
EUPATH_0032349,PERCH Case Control,gates_perch
EUPATH_0032350,PERCH Case Control,gates_perch
EUPATH_0032351,PERCH Case Control,gates_perch
EUPATH_0032352,PERCH Case Control,gates_perch
EUPATH_0032353,PERCH Case Control,gates_perch
EUPATH_0032354,PERCH Case Control,gates_perch
EUPATH_0032355,PERCH Case Control,gates_perch
EUPATH_0032356,PERCH Case Control,gates_perch
EUPATH_0032357,PERCH Case Control,gates_perch
EUPATH_0032358,PERCH Case Control,gates_perch
EUPATH_0032359,PERCH Case Control,gates_perch
EUPATH_0032360,PERCH Case Control,gates_perch
EUPATH_0032361,PERCH Case Control,gates_perch
EUPATH_0032362,PERCH Case Control,gates_perch
EUPATH_0032363,PERCH Case Control,gates_perch
EUPATH_0032364,PERCH Case Control,gates_perch
EUPATH_0032365,PERCH Case Control,gates_perch
EUPATH_0032366,PERCH Case Control,gates_perch
EUPATH_0032367,PERCH Case Control,gates_perch
EUPATH_0032368,PERCH Case Control,gates_perch
EUPATH_0032369,PERCH Case Control,gates_perch
EUPATH_0032370,PERCH Case Control,gates_perch
EUPATH_0032371,PERCH Case Control,gates_perch
EUPATH_0032372,PERCH Case Control,gates_perch
EUPATH_0032373,PERCH Case Control,gates_perch
EUPATH_0032374,PERCH Case Control,gates_perch
EUPATH_0032375,PERCH Case Control,gates_perch
EUPATH_0032376,PERCH Case Control,gates_perch
EUPATH_0032377,PERCH Case Control,gates_perch
EUPATH_0032378,PERCH Case Control,gates_perch
EUPATH_0032379,PERCH Case Control,gates_perch
EUPATH_0032380,PERCH Case Control,gates_perch
EUPATH_0032381,PERCH Case Control,gates_perch
EUPATH_0032382,PERCH Case Control,gates_perch
EUPATH_0032383,PERCH Case Control,gates_perch
EUPATH_0032384,PERCH Case Control,gates_perch
EUPATH_0032385,PERCH Case Control,gates_perch
EUPATH_0032386,PERCH Case Control,gates_perch
EUPATH_0032387,PERCH Case Control,gates_perch
EUPATH_0032389,PERCH Case Control,gates_perch
EUPATH_0032391,PERCH Case Control,gates_perch
EUPATH_0032392,PERCH Case Control,gates_perch
EUPATH_0032393,PERCH Case Control,gates_perch
EUPATH_0032473,PERCH Case Control,gates_perch
EUPATH_0032474,PERCH Case Control,gates_perch
EUPATH_0032475,PERCH Case Control,gates_perch
EUPATH_0032476,PERCH Case Control,gates_perch
EUPATH_0032477,PERCH Case Control,gates_perch
EUPATH_0032478,PERCH Case Control,gates_perch
EUPATH_0032479,PERCH Case Control,gates_perch
EUPATH_0032480,PERCH Case Control,gates_perch
EUPATH_0032481,PERCH Case Control,gates_perch
EUPATH_0032482,PERCH Case Control,gates_perch
EUPATH_0032483,PERCH Case Control,gates_perch
EUPATH_0032484,PERCH Case Control,gates_perch
EUPATH_0032485,PERCH Case Control,gates_perch
EUPATH_0032486,PERCH Case Control,gates_perch
EUPATH_0032487,PERCH Case Control,gates_perch
EUPATH_0032488,PERCH Case Control,gates_perch
EUPATH_0032489,PERCH Case Control,gates_perch
EUPATH_0032490,PERCH Case Control,gates_perch
EUPATH_0032491,PERCH Case Control,gates_perch
EUPATH_0032492,PERCH Case Control,gates_perch
EUPATH_0032493,PERCH Case Control,gates_perch
EUPATH_0032494,PERCH Case Control,gates_perch
EUPATH_0032495,PERCH Case Control,gates_perch
EUPATH_0032496,PERCH Case Control,gates_perch
EUPATH_0032497,PERCH Case Control,gates_perch
EUPATH_0032498,PERCH Case Control,gates_perch
EUPATH_0032499,PERCH Case Control,gates_perch
EUPATH_0032500,PERCH Case Control,gates_perch
EUPATH_0032501,PERCH Case Control,gates_perch
EUPATH_0032502,PERCH Case Control,gates_perch
EUPATH_0032503,PERCH Case Control,gates_perch
EUPATH_0032504,PERCH Case Control,gates_perch
EUPATH_0032505,PERCH Case Control,gates_perch
EUPATH_0032506,PERCH Case Control,gates_perch
EUPATH_0032507,PERCH Case Control,gates_perch
EUPATH_0032508,PERCH Case Control,gates_perch
EUPATH_0032509,PERCH Case Control,gates_perch
EUPATH_0032510,PERCH Case Control,gates_perch
EUPATH_0032511,PERCH Case Control,gates_perch
EUPATH_0032512,PERCH Case Control,gates_perch
EUPATH_0032513,PERCH Case Control,gates_perch
EUPATH_0032514,PERCH Case Control,gates_perch
EUPATH_0032515,PERCH Case Control,gates_perch
EUPATH_0032516,PERCH Case Control,gates_perch
EUPATH_0032517,PERCH Case Control,gates_perch
EUPATH_0032518,PERCH Case Control,gates_perch
EUPATH_0032519,PERCH Case Control,gates_perch
EUPATH_0032520,PERCH Case Control,gates_perch
EUPATH_0032521,PERCH Case Control,gates_perch
EUPATH_0032522,PERCH Case Control,gates_perch
EUPATH_0032523,PERCH Case Control,gates_perch
EUPATH_0032524,PERCH Case Control,gates_perch
EUPATH_0032525,PERCH Case Control,gates_perch
EUPATH_0032526,PERCH Case Control,gates_perch
EUPATH_0032527,PERCH Case Control,gates_perch
EUPATH_0032528,PERCH Case Control,gates_perch
EUPATH_0032529,PERCH Case Control,gates_perch
EUPATH_0032530,PERCH Case Control,gates_perch
EUPATH_0032531,PERCH Case Control,gates_perch
EUPATH_0032532,PERCH Case Control,gates_perch
EUPATH_0032533,PERCH Case Control,gates_perch
EUPATH_0032534,PERCH Case Control,gates_perch
EUPATH_0032535,PERCH Case Control,gates_perch
EUPATH_0032536,PERCH Case Control,gates_perch
EUPATH_0032537,PERCH Case Control,gates_perch
EUPATH_0032538,PERCH Case Control,gates_perch
EUPATH_0032539,PERCH Case Control,gates_perch
EUPATH_0032540,PERCH Case Control,gates_perch
EUPATH_0032541,PERCH Case Control,gates_perch
EUPATH_0032542,PERCH Case Control,gates_perch
EUPATH_0032543,PERCH Case Control,gates_perch
EUPATH_0032544,PERCH Case Control,gates_perch
EUPATH_0032545,PERCH Case Control,gates_perch
EUPATH_0032546,PERCH Case Control,gates_perch
EUPATH_0032547,PERCH Case Control,gates_perch
EUPATH_0032548,PERCH Case Control,gates_perch
EUPATH_0032549,PERCH Case Control,gates_perch
EUPATH_0032550,PERCH Case Control,gates_perch
EUPATH_0032551,PERCH Case Control,gates_perch
EUPATH_0032552,PERCH Case Control,gates_perch
EUPATH_0032553,PERCH Case Control,gates_perch
EUPATH_0032554,PERCH Case Control,gates_perch
EUPATH_0032555,PERCH Case Control,gates_perch
EUPATH_0032556,PERCH Case Control,gates_perch
EUPATH_0032557,PERCH Case Control,gates_perch
EUPATH_0032558,PERCH Case Control,gates_perch
EUPATH_0032559,PERCH Case Control,gates_perch
EUPATH_0032560,PERCH Case Control,gates_perch
EUPATH_0032561,PERCH Case Control,gates_perch
EUPATH_0032562,PERCH Case Control,gates_perch
EUPATH_0032563,PERCH Case Control,gates_perch
EUPATH_0032564,PERCH Case Control,gates_perch
EUPATH_0032565,PERCH Case Control,gates_perch
EUPATH_0032566,PERCH Case Control,gates_perch
EUPATH_0032567,PERCH Case Control,gates_perch
EUPATH_0032568,PERCH Case Control,gates_perch
EUPATH_0032569,PERCH Case Control,gates_perch
EUPATH_0032570,PERCH Case Control,gates_perch
EUPATH_0032571,PERCH Case Control,gates_perch
EUPATH_0032572,PERCH Case Control,gates_perch
EUPATH_0032573,PERCH Case Control,gates_perch
EUPATH_0032574,PERCH Case Control,gates_perch
EUPATH_0032575,PERCH Case Control,gates_perch
EUPATH_0032576,PERCH Case Control,gates_perch
EUPATH_0032577,PERCH Case Control,gates_perch
EUPATH_0032578,PERCH Case Control,gates_perch
EUPATH_0032579,PERCH Case Control,gates_perch
EUPATH_0032580,PERCH Case Control,gates_perch
EUPATH_0032581,PERCH Case Control,gates_perch
EUPATH_0032582,PERCH Case Control,gates_perch
EUPATH_0032583,PERCH Case Control,gates_perch
EUPATH_0032584,PERCH Case Control,gates_perch
EUPATH_0032585,PERCH Case Control,gates_perch
EUPATH_0032586,PERCH Case Control,gates_perch
EUPATH_0032587,PERCH Case Control,gates_perch
EUPATH_0032588,PERCH Case Control,gates_perch
EUPATH_0032589,PERCH Case Control,gates_perch
EUPATH_0032590,PERCH Case Control,gates_perch
EUPATH_0032591,PERCH Case Control,gates_perch
EUPATH_0032592,PERCH Case Control,gates_perch
EUPATH_0032593,PERCH Case Control,gates_perch
EUPATH_0032594,PERCH Case Control,gates_perch
EUPATH_0032595,PERCH Case Control,gates_perch
EUPATH_0032596,PERCH Case Control,gates_perch
EUPATH_0032597,PERCH Case Control,gates_perch
EUPATH_0032598,PERCH Case Control,gates_perch
EUPATH_0032599,PERCH Case Control,gates_perch
EUPATH_0032600,PERCH Case Control,gates_perch
EUPATH_0032601,PERCH Case Control,gates_perch
EUPATH_0032602,PERCH Case Control,gates_perch
EUPATH_0032603,PERCH Case Control,gates_perch
EUPATH_0032604,PERCH Case Control,gates_perch
EUPATH_0032605,PERCH Case Control,gates_perch
EUPATH_0032606,PERCH Case Control,gates_perch
EUPATH_0032607,PERCH Case Control,gates_perch
EUPATH_0032608,PERCH Case Control,gates_perch
EUPATH_0032609,PERCH Case Control,gates_perch
EUPATH_0032610,PERCH Case Control,gates_perch
EUPATH_0032611,PERCH Case Control,gates_perch
EUPATH_0032612,PERCH Case Control,gates_perch
EUPATH_0032613,PERCH Case Control,gates_perch
EUPATH_0032614,PERCH Case Control,gates_perch
EUPATH_0032615,PERCH Case Control,gates_perch
EUPATH_0032616,PERCH Case Control,gates_perch
EUPATH_0032617,PERCH Case Control,gates_perch
EUPATH_0032618,PERCH Case Control,gates_perch
EUPATH_0032619,PERCH Case Control,gates_perch
EUPATH_0032620,PERCH Case Control,gates_perch
EUPATH_0032621,PERCH Case Control,gates_perch
EUPATH_0032622,PERCH Case Control,gates_perch
EUPATH_0032623,PERCH Case Control,gates_perch
EUPATH_0032624,PERCH Case Control,gates_perch
EUPATH_0032625,PERCH Case Control,gates_perch
EUPATH_0032626,PERCH Case Control,gates_perch
EUPATH_0032627,PERCH Case Control,gates_perch
EUPATH_0032628,PERCH Case Control,gates_perch
EUPATH_0032629,PERCH Case Control,gates_perch
EUPATH_0032630,PERCH Case Control,gates_perch
EUPATH_0032633,PERCH Case Control,gates_perch
EUPATH_0032634,PERCH Case Control,gates_perch
EUPATH_0032635,PERCH Case Control,gates_perch
EUPATH_0032636,PERCH Case Control,gates_perch
EUPATH_0032637,PERCH Case Control,gates_perch
EUPATH_0032638,PERCH Case Control,gates_perch
EUPATH_0032639,PERCH Case Control,gates_perch
EUPATH_0032640,PERCH Case Control,gates_perch
EUPATH_0032641,PERCH Case Control,gates_perch
EUPATH_0032642,PERCH Case Control,gates_perch
EUPATH_0032643,PERCH Case Control,gates_perch
EUPATH_0032644,PERCH Case Control,gates_perch
EUPATH_0032645,PERCH Case Control,gates_perch
EUPATH_0032646,PERCH Case Control,gates_perch
EUPATH_0032647,PERCH Case Control,gates_perch
EUPATH_0032648,PERCH Case Control,gates_perch
EUPATH_0032649,PERCH Case Control,gates_perch
EUPATH_0032655,PERCH Case Control,gates_perch
EUPATH_0032656,PERCH Case Control,gates_perch
EUPATH_0032657,PERCH Case Control,gates_perch
EUPATH_0032659,PERCH Case Control,gates_perch
EUPATH_0032660,PERCH Case Control,gates_perch
EUPATH_0032661,PERCH Case Control,gates_perch
EUPATH_0032662,PERCH Case Control,gates_perch
EUPATH_0032663,PERCH Case Control,gates_perch
EUPATH_0032664,PERCH Case Control,gates_perch
EUPATH_0032665,PERCH Case Control,gates_perch
EUPATH_0032667,PERCH Case Control,gates_perch
EUPATH_0032668,PERCH Case Control,gates_perch
EUPATH_0032669,PERCH Case Control,gates_perch
EUPATH_0032671,PERCH Case Control,gates_perch
EUPATH_0032673,PERCH Case Control,gates_perch
EUPATH_0032675,PERCH Case Control,gates_perch
EUPATH_0032676,PERCH Case Control,gates_perch
EUPATH_0032677,PERCH Case Control,gates_perch
EUPATH_0032678,PERCH Case Control,gates_perch
EUPATH_0032679,PERCH Case Control,gates_perch
EUPATH_0032680,PERCH Case Control,gates_perch
EUPATH_0032681,PERCH Case Control,gates_perch
EUPATH_0032683,PERCH Case Control,gates_perch
EUPATH_0032685,PERCH Case Control,gates_perch
EUPATH_0032687,PERCH Case Control,gates_perch
EUPATH_0032689,PERCH Case Control,gates_perch
EUPATH_0032690,PERCH Case Control,gates_perch
EUPATH_0032691,PERCH Case Control,gates_perch
EUPATH_0032693,PERCH Case Control,gates_perch
EUPATH_0032694,PERCH Case Control,gates_perch
EUPATH_0032695,PERCH Case Control,gates_perch
EUPATH_0032697,PERCH Case Control,gates_perch
EUPATH_0032699,PERCH Case Control,gates_perch
EUPATH_0032701,PERCH Case Control,gates_perch
EUPATH_0032703,PERCH Case Control,gates_perch
EUPATH_0032705,PERCH Case Control,gates_perch
EUPATH_0032707,PERCH Case Control,gates_perch
EUPATH_0032709,PERCH Case Control,gates_perch
EUPATH_0032711,PERCH Case Control,gates_perch
EUPATH_0032713,PERCH Case Control,gates_perch
EUPATH_0032715,PERCH Case Control,gates_perch
EUPATH_0032716,PERCH Case Control,gates_perch
EUPATH_0032717,PERCH Case Control,gates_perch
EUPATH_0032718,PERCH Case Control,gates_perch
EUPATH_0032719,PERCH Case Control,gates_perch
EUPATH_0032720,PERCH Case Control,gates_perch
EUPATH_0032721,PERCH Case Control,gates_perch
EUPATH_0032722,PERCH Case Control,gates_perch
EUPATH_0032723,PERCH Case Control,gates_perch
EUPATH_0032724,PERCH Case Control,gates_perch
EUPATH_0032725,PERCH Case Control,gates_perch
EUPATH_0032726,PERCH Case Control,gates_perch
EUPATH_0032727,PERCH Case Control,gates_perch
EUPATH_0032728,PERCH Case Control,gates_perch
EUPATH_0032729,PERCH Case Control,gates_perch
EUPATH_0032730,PERCH Case Control,gates_perch
EUPATH_0032731,PERCH Case Control,gates_perch
EUPATH_0032732,PERCH Case Control,gates_perch
EUPATH_0032733,PERCH Case Control,gates_perch
EUPATH_0032734,PERCH Case Control,gates_perch
EUPATH_0032735,PERCH Case Control,gates_perch
EUPATH_0032736,PERCH Case Control,gates_perch
EUPATH_0032737,PERCH Case Control,gates_perch
EUPATH_0032738,PERCH Case Control,gates_perch
EUPATH_0032739,PERCH Case Control,gates_perch
EUPATH_0032740,PERCH Case Control,gates_perch
EUPATH_0032741,PERCH Case Control,gates_perch
EUPATH_0032742,PERCH Case Control,gates_perch
EUPATH_0032743,PERCH Case Control,gates_perch
EUPATH_0032744,PERCH Case Control,gates_perch
EUPATH_0032745,PERCH Case Control,gates_perch
EUPATH_0032746,PERCH Case Control,gates_perch
EUPATH_0032747,PERCH Case Control,gates_perch
EUPATH_0032748,PERCH Case Control,gates_perch
EUPATH_0032749,PERCH Case Control,gates_perch
EUPATH_0032750,PERCH Case Control,gates_perch
EUPATH_0032751,PERCH Case Control,gates_perch
EUPATH_0032752,PERCH Case Control,gates_perch
EUPATH_0032753,PERCH Case Control,gates_perch
EUPATH_0032754,PERCH Case Control,gates_perch
EUPATH_0032755,PERCH Case Control,gates_perch
EUPATH_0032756,PERCH Case Control,gates_perch
EUPATH_0032757,PERCH Case Control,gates_perch
EUPATH_0032758,PERCH Case Control,gates_perch
EUPATH_0032759,PERCH Case Control,gates_perch
EUPATH_0032760,PERCH Case Control,gates_perch
EUPATH_0032761,PERCH Case Control,gates_perch
EUPATH_0032762,PERCH Case Control,gates_perch
EUPATH_0032763,PERCH Case Control,gates_perch
EUPATH_0032764,PERCH Case Control,gates_perch
EUPATH_0032765,PERCH Case Control,gates_perch
EUPATH_0032766,PERCH Case Control,gates_perch
EUPATH_0032767,PERCH Case Control,gates_perch
EUPATH_0032768,PERCH Case Control,gates_perch
EUPATH_0032769,PERCH Case Control,gates_perch
EUPATH_0032770,PERCH Case Control,gates_perch
EUPATH_0032771,PERCH Case Control,gates_perch
EUPATH_0032772,PERCH Case Control,gates_perch
EUPATH_0032773,PERCH Case Control,gates_perch
EUPATH_0032774,PERCH Case Control,gates_perch
EUPATH_0032775,PERCH Case Control,gates_perch
EUPATH_0032776,PERCH Case Control,gates_perch
EUPATH_0032777,PERCH Case Control,gates_perch
EUPATH_0032778,PERCH Case Control,gates_perch
EUPATH_0032779,PERCH Case Control,gates_perch
EUPATH_0032780,PERCH Case Control,gates_perch
EUPATH_0032781,PERCH Case Control,gates_perch
EUPATH_0032782,PERCH Case Control,gates_perch
EUPATH_0032783,PERCH Case Control,gates_perch
EUPATH_0032784,PERCH Case Control,gates_perch
EUPATH_0032785,PERCH Case Control,gates_perch
EUPATH_0032786,PERCH Case Control,gates_perch
EUPATH_0032787,PERCH Case Control,gates_perch
EUPATH_0032788,PERCH Case Control,gates_perch
EUPATH_0032789,PERCH Case Control,gates_perch
EUPATH_0032790,PERCH Case Control,gates_perch
EUPATH_0032791,PERCH Case Control,gates_perch
EUPATH_0032792,PERCH Case Control,gates_perch
EUPATH_0032793,PERCH Case Control,gates_perch
EUPATH_0032794,PERCH Case Control,gates_perch
EUPATH_0032795,PERCH Case Control,gates_perch
EUPATH_0032796,PERCH Case Control,gates_perch
EUPATH_0032797,PERCH Case Control,gates_perch
EUPATH_0032798,PERCH Case Control,gates_perch
EUPATH_0032799,PERCH Case Control,gates_perch
EUPATH_0032800,PERCH Case Control,gates_perch
EUPATH_0032801,PERCH Case Control,gates_perch
EUPATH_0032802,PERCH Case Control,gates_perch
EUPATH_0032803,PERCH Case Control,gates_perch
EUPATH_0032804,PERCH Case Control,gates_perch
EUPATH_0032805,PERCH Case Control,gates_perch
EUPATH_0032806,PERCH Case Control,gates_perch
EUPATH_0032807,PERCH Case Control,gates_perch
EUPATH_0032808,PERCH Case Control,gates_perch
EUPATH_0032809,PERCH Case Control,gates_perch
EUPATH_0032810,PERCH Case Control,gates_perch
EUPATH_0032811,PERCH Case Control,gates_perch
EUPATH_0032812,PERCH Case Control,gates_perch
EUPATH_0032813,PERCH Case Control,gates_perch
EUPATH_0032814,PERCH Case Control,gates_perch
EUPATH_0032815,PERCH Case Control,gates_perch
EUPATH_0032816,PERCH Case Control,gates_perch
EUPATH_0032817,PERCH Case Control,gates_perch
EUPATH_0032818,PERCH Case Control,gates_perch
EUPATH_0032819,PERCH Case Control,gates_perch
EUPATH_0032820,PERCH Case Control,gates_perch
EUPATH_0032821,PERCH Case Control,gates_perch
EUPATH_0032822,PERCH Case Control,gates_perch
EUPATH_0032823,PERCH Case Control,gates_perch
EUPATH_0032824,PERCH Case Control,gates_perch
EUPATH_0032825,PERCH Case Control,gates_perch
EUPATH_0032826,PERCH Case Control,gates_perch
EUPATH_0032827,PERCH Case Control,gates_perch
EUPATH_0032828,PERCH Case Control,gates_perch
EUPATH_0032829,PERCH Case Control,gates_perch
EUPATH_0032830,PERCH Case Control,gates_perch
EUPATH_0032831,PERCH Case Control,gates_perch
EUPATH_0032832,PERCH Case Control,gates_perch
EUPATH_0032975,PERCH Case Control,gates_perch
EUPATH_0032976,PERCH Case Control,gates_perch
EUPATH_0032977,PERCH Case Control,gates_perch
EUPATH_0032978,PERCH Case Control,gates_perch
EUPATH_0032981,PERCH Case Control,gates_perch
EUPATH_0032982,PERCH Case Control,gates_perch
EUPATH_0032983,PERCH Case Control,gates_perch
EUPATH_0032984,PERCH Case Control,gates_perch
EUPATH_0032985,PERCH Case Control,gates_perch
EUPATH_0032986,PERCH Case Control,gates_perch
EUPATH_0032987,PERCH Case Control,gates_perch
EUPATH_0032988,PERCH Case Control,gates_perch
EUPATH_0032989,PERCH Case Control,gates_perch
EUPATH_0032990,PERCH Case Control,gates_perch
EUPATH_0032991,PERCH Case Control,gates_perch
EUPATH_0032992,PERCH Case Control,gates_perch
EUPATH_0032993,PERCH Case Control,gates_perch
EUPATH_0032994,PERCH Case Control,gates_perch
EUPATH_0032995,PERCH Case Control,gates_perch
EUPATH_0032996,PERCH Case Control,gates_perch
EUPATH_0032997,PERCH Case Control,gates_perch
EUPATH_0032998,PERCH Case Control,gates_perch
EUPATH_0032999,PERCH Case Control,gates_perch
EUPATH_0033000,PERCH Case Control,gates_perch
EUPATH_0033001,PERCH Case Control,gates_perch
EUPATH_0033002,PERCH Case Control,gates_perch
EUPATH_0033003,PERCH Case Control,gates_perch
EUPATH_0033004,PERCH Case Control,gates_perch
EUPATH_0033005,PERCH Case Control,gates_perch
EUPATH_0033006,PERCH Case Control,gates_perch
EUPATH_0033007,PERCH Case Control,gates_perch
EUPATH_0033008,PERCH Case Control,gates_perch
EUPATH_0033009,PERCH Case Control,gates_perch
EUPATH_0033011,PERCH Case Control,gates_perch
EUPATH_0033012,PERCH Case Control,gates_perch
EUPATH_0033013,PERCH Case Control,gates_perch
EUPATH_0033015,PERCH Case Control,gates_perch
EUPATH_0033017,PERCH Case Control,gates_perch
EUPATH_0033018,PERCH Case Control,gates_perch
EUPATH_0033019,PERCH Case Control,gates_perch
EUPATH_0033021,PERCH Case Control,gates_perch
EUPATH_0033023,PERCH Case Control,gates_perch
EUPATH_0033024,PERCH Case Control,gates_perch
EUPATH_0033025,PERCH Case Control,gates_perch
EUPATH_0033027,PERCH Case Control,gates_perch
EUPATH_0033029,PERCH Case Control,gates_perch
EUPATH_0033030,PERCH Case Control,gates_perch
EUPATH_0033031,PERCH Case Control,gates_perch
EUPATH_0033032,PERCH Case Control,gates_perch
EUPATH_0033033,PERCH Case Control,gates_perch
EUPATH_0033035,PERCH Case Control,gates_perch
EUPATH_0033037,PERCH Case Control,gates_perch
EUPATH_0033039,PERCH Case Control,gates_perch
EUPATH_0033041,PERCH Case Control,gates_perch
EUPATH_0033043,PERCH Case Control,gates_perch
EUPATH_0033045,PERCH Case Control,gates_perch
EUPATH_0033046,PERCH Case Control,gates_perch
EUPATH_0033047,PERCH Case Control,gates_perch
EUPATH_0033048,PERCH Case Control,gates_perch
EUPATH_0033049,PERCH Case Control,gates_perch
EUPATH_0033051,PERCH Case Control,gates_perch
EUPATH_0033052,PERCH Case Control,gates_perch
EUPATH_0033053,PERCH Case Control,gates_perch
EUPATH_0033055,PERCH Case Control,gates_perch
EUPATH_0033057,PERCH Case Control,gates_perch
EUPATH_0033059,PERCH Case Control,gates_perch
EUPATH_0033061,PERCH Case Control,gates_perch
EUPATH_0033063,PERCH Case Control,gates_perch
EUPATH_0033065,PERCH Case Control,gates_perch
EUPATH_0033067,PERCH Case Control,gates_perch
EUPATH_0033069,PERCH Case Control,gates_perch
EUPATH_0033071,PERCH Case Control,gates_perch
EUPATH_0033072,PERCH Case Control,gates_perch
EUPATH_0033073,PERCH Case Control,gates_perch
EUPATH_0033074,PERCH Case Control,gates_perch
EUPATH_0033075,PERCH Case Control,gates_perch
EUPATH_0033076,PERCH Case Control,gates_perch
EUPATH_0033077,PERCH Case Control,gates_perch
EUPATH_0033078,PERCH Case Control,gates_perch
EUPATH_0033079,PERCH Case Control,gates_perch
EUPATH_0033080,PERCH Case Control,gates_perch
EUPATH_0033081,PERCH Case Control,gates_perch
EUPATH_0033082,PERCH Case Control,gates_perch
EUPATH_0033083,PERCH Case Control,gates_perch
EUPATH_0033084,PERCH Case Control,gates_perch
EUPATH_0033085,PERCH Case Control,gates_perch
EUPATH_0033086,PERCH Case Control,gates_perch
EUPATH_0033087,PERCH Case Control,gates_perch
EUPATH_0033088,PERCH Case Control,gates_perch
EUPATH_0033089,PERCH Case Control,gates_perch
EUPATH_0033090,PERCH Case Control,gates_perch
EUPATH_0033091,PERCH Case Control,gates_perch
EUPATH_0033092,PERCH Case Control,gates_perch
EUPATH_0033093,PERCH Case Control,gates_perch
EUPATH_0033094,PERCH Case Control,gates_perch
EUPATH_0033095,PERCH Case Control,gates_perch
EUPATH_0033097,PERCH Case Control,gates_perch
EUPATH_0033098,PERCH Case Control,gates_perch
EUPATH_0033099,PERCH Case Control,gates_perch
EUPATH_0033100,PERCH Case Control,gates_perch
EUPATH_0033102,PERCH Case Control,gates_perch
EUPATH_0033103,PERCH Case Control,gates_perch
EUPATH_0033104,PERCH Case Control,gates_perch
EUPATH_0033105,PERCH Case Control,gates_perch
EUPATH_0033106,PERCH Case Control,gates_perch
EUPATH_0033107,PERCH Case Control,gates_perch
EUPATH_0033108,PERCH Case Control,gates_perch
EUPATH_0033109,PERCH Case Control,gates_perch
EUPATH_0033110,PERCH Case Control,gates_perch
EUPATH_0033111,PERCH Case Control,gates_perch
EUPATH_0033112,PERCH Case Control,gates_perch
EUPATH_0033113,PERCH Case Control,gates_perch
EUPATH_0033114,PERCH Case Control,gates_perch
EUPATH_0033115,PERCH Case Control,gates_perch
EUPATH_0033116,PERCH Case Control,gates_perch
EUPATH_0033117,PERCH Case Control,gates_perch
EUPATH_0033118,PERCH Case Control,gates_perch
EUPATH_0033119,PERCH Case Control,gates_perch
EUPATH_0033120,PERCH Case Control,gates_perch
EUPATH_0033121,PERCH Case Control,gates_perch
EUPATH_0033122,PERCH Case Control,gates_perch
EUPATH_0033123,PERCH Case Control,gates_perch
EUPATH_0033124,PERCH Case Control,gates_perch
EUPATH_0033125,PERCH Case Control,gates_perch
EUPATH_0033126,PERCH Case Control,gates_perch
EUPATH_0033127,PERCH Case Control,gates_perch
EUPATH_0033128,PERCH Case Control,gates_perch
EUPATH_0033129,PERCH Case Control,gates_perch
EUPATH_0033130,PERCH Case Control,gates_perch
EUPATH_0033131,PERCH Case Control,gates_perch
EUPATH_0033132,PERCH Case Control,gates_perch
EUPATH_0033133,PERCH Case Control,gates_perch
EUPATH_0033134,PERCH Case Control,gates_perch
EUPATH_0033135,PERCH Case Control,gates_perch
EUPATH_0033136,PERCH Case Control,gates_perch
EUPATH_0033137,PERCH Case Control,gates_perch
EUPATH_0033138,PERCH Case Control,gates_perch
EUPATH_0033139,PERCH Case Control,gates_perch
EUPATH_0033141,PERCH Case Control,gates_perch
EUPATH_0033142,PERCH Case Control,gates_perch
EUPATH_0033143,PERCH Case Control,gates_perch
EUPATH_0033143,SIP,gates_sip
EUPATH_0033144,PERCH Case Control,gates_perch
EUPATH_0033146,PERCH Case Control,gates_perch
EUPATH_0033146,PROVIDE Randomized Controlled Trial,gates_provide
EUPATH_0033146,Kalifabougou,general_kalifabougou
EUPATH_0033146,Amazonia ICEMR Brazil Cohort,icemr_amazonia_brazil
EUPATH_0033146,India ICEMR Severe P.vivax and falciparum Cohort,icemr_india_severe_malaria
EUPATH_0033147,PERCH Case Control,gates_perch
EUPATH_0033147,PROVIDE Randomized Controlled Trial,gates_provide
EUPATH_0033147,Kalifabougou,general_kalifabougou
EUPATH_0033147,West Africa ICEMR,icemr_west_africa
EUPATH_0033148,PERCH Case Control,gates_perch
EUPATH_0033149,PERCH Case Control,gates_perch
EUPATH_0033150,PERCH Case Control,gates_perch
EUPATH_0033152,PERCH Case Control,gates_perch
EUPATH_0033152,PROVIDE Randomized Controlled Trial,gates_provide
EUPATH_0033153,PERCH Case Control,gates_perch
EUPATH_0033154,PERCH Case Control,gates_perch
EUPATH_0033154,PROVIDE Randomized Controlled Trial,gates_provide
EUPATH_0033155,GEMS1A Case Control,gates_gems1a
EUPATH_0033155,PERCH Case Control,gates_perch
EUPATH_0033156,PERCH Case Control,gates_perch
EUPATH_0033157,PERCH Case Control,gates_perch
EUPATH_0033158,PERCH Case Control,gates_perch
EUPATH_0033159,PERCH Case Control,gates_perch
EUPATH_0033160,PERCH Case Control,gates_perch
EUPATH_0033161,PERCH Case Control,gates_perch
EUPATH_0033161,SIP,gates_sip
EUPATH_0033161,India ICEMR Severe P.vivax and falciparum Cohort,icemr_india_severe_malaria
EUPATH_0033162,PERCH Case Control,gates_perch
EUPATH_0033163,PERCH Case Control,gates_perch
EUPATH_0033165,PERCH Case Control,gates_perch
EUPATH_0033165,PROMOTE BC3 Cohort,general_promote
EUPATH_0033166,PERCH Case Control,gates_perch
EUPATH_0033168,PERCH Case Control,gates_perch
EUPATH_0033169,PERCH Case Control,gates_perch
EUPATH_0033170,PERCH Case Control,gates_perch
EUPATH_0033172,PERCH Case Control,gates_perch
EUPATH_0033173,PERCH Case Control,gates_perch
EUPATH_0033174,PERCH Case Control,gates_perch
EUPATH_0033175,PERCH Case Control,gates_perch
EUPATH_0033176,PERCH Case Control,gates_perch
EUPATH_0033177,PERCH Case Control,gates_perch
EUPATH_0033178,PERCH Case Control,gates_perch
EUPATH_0033179,PERCH Case Control,gates_perch
EUPATH_0033180,PERCH Case Control,gates_perch
EUPATH_0033181,ELICIT,gates_elicit
EUPATH_0033181,PERCH Case Control,gates_perch
EUPATH_0033182,PERCH Case Control,gates_perch
EUPATH_0033183,PERCH Case Control,gates_perch
EUPATH_0033184,PERCH Case Control,gates_perch
EUPATH_0033185,PERCH Case Control,gates_perch
EUPATH_0033186,PERCH Case Control,gates_perch
EUPATH_0033187,PERCH Case Control,gates_perch
EUPATH_0033188,PERCH Case Control,gates_perch
EUPATH_0033189,PERCH Case Control,gates_perch
EUPATH_0033190,PERCH Case Control,gates_perch
EUPATH_0033191,PERCH Case Control,gates_perch
EUPATH_0033192,PERCH Case Control,gates_perch
EUPATH_0033193,PERCH Case Control,gates_perch
EUPATH_0033193,SHINE,gates_shine
EUPATH_0033194,PERCH Case Control,gates_perch
EUPATH_0033195,PERCH Case Control,gates_perch
EUPATH_0033196,PERCH Case Control,gates_perch
EUPATH_0033197,PERCH Case Control,gates_perch
EUPATH_0033198,PERCH Case Control,gates_perch
EUPATH_0033199,PERCH Case Control,gates_perch
EUPATH_0033201,PERCH Case Control,gates_perch
EUPATH_0033202,PERCH Case Control,gates_perch
EUPATH_0033203,PERCH Case Control,gates_perch
EUPATH_0033204,PERCH Case Control,gates_perch
EUPATH_0033205,PERCH Case Control,gates_perch
EUPATH_0033206,PERCH Case Control,gates_perch
EUPATH_0033207,PERCH Case Control,gates_perch
EUPATH_0033208,PERCH Case Control,gates_perch
EUPATH_0033209,PERCH Case Control,gates_perch
EUPATH_0033210,PERCH Case Control,gates_perch
EUPATH_0033212,PERCH Case Control,gates_perch
EUPATH_0033214,PERCH Case Control,gates_perch
EUPATH_0033215,PERCH Case Control,gates_perch
EUPATH_0033216,PERCH Case Control,gates_perch
EUPATH_0033217,PERCH Case Control,gates_perch
EUPATH_0033218,PERCH Case Control,gates_perch
EUPATH_0033219,PERCH Case Control,gates_perch
EUPATH_0033220,PERCH Case Control,gates_perch
EUPATH_0033220,Kalifabougou,general_kalifabougou
EUPATH_0033221,PERCH Case Control,gates_perch
EUPATH_0033223,PERCH Case Control,gates_perch
EUPATH_0033224,PERCH Case Control,gates_perch
EUPATH_0033225,PERCH Case Control,gates_perch
EUPATH_0033226,PERCH Case Control,gates_perch
EUPATH_0033227,PERCH Case Control,gates_perch
EUPATH_0033227,SIP,gates_sip
EUPATH_0033227,India ICEMR Severe P.vivax and falciparum Cohort,icemr_india_severe_malaria
EUPATH_0033228,PERCH Case Control,gates_perch
EUPATH_0033229,PERCH Case Control,gates_perch
EUPATH_0033230,PERCH Case Control,gates_perch
EUPATH_0033231,PERCH Case Control,gates_perch
EUPATH_0033232,PERCH Case Control,gates_perch
EUPATH_0033233,PERCH Case Control,gates_perch
EUPATH_0033234,PERCH Case Control,gates_perch
EUPATH_0033235,PERCH Case Control,gates_perch
EUPATH_0033236,PERCH Case Control,gates_perch
EUPATH_0033237,PERCH Case Control,gates_perch
EUPATH_0033238,PERCH Case Control,gates_perch
EUPATH_0033239,PERCH Case Control,gates_perch
EUPATH_0033240,PERCH Case Control,gates_perch
EUPATH_0033241,PERCH Case Control,gates_perch
EUPATH_0033242,PERCH Case Control,gates_perch
EUPATH_0033243,PERCH Case Control,gates_perch
EUPATH_0033244,PERCH Case Control,gates_perch
EUPATH_0033244,UMSP Surveillance,general_umsp
EUPATH_0033245,PERCH Case Control,gates_perch
EUPATH_0033246,PERCH Case Control,gates_perch
EUPATH_0033247,PERCH Case Control,gates_perch
EUPATH_0033248,PERCH Case Control,gates_perch
EUPATH_0033249,PERCH Case Control,gates_perch
EUPATH_0033250,PERCH Case Control,gates_perch
EUPATH_0033251,PERCH Case Control,gates_perch
EUPATH_0033252,PERCH Case Control,gates_perch
EUPATH_0033253,PERCH Case Control,gates_perch
EUPATH_0033253,SIP,gates_sip
EUPATH_0033253,Kalifabougou,general_kalifabougou
EUPATH_0033253,PROMOTE BC3 Cohort,general_promote
EUPATH_0033253,India ICEMR Meghalaya Cohort,icemr_india_meghalaya
EUPATH_0033255,PERCH Case Control,gates_perch
EUPATH_0033257,PERCH Case Control,gates_perch
EUPATH_0033259,PERCH Case Control,gates_perch
EUPATH_0033260,PERCH Case Control,gates_perch
EUPATH_0033261,PERCH Case Control,gates_perch
EUPATH_0033262,PERCH Case Control,gates_perch
EUPATH_0033263,PERCH Case Control,gates_perch
EUPATH_0033263,SIP,gates_sip
EUPATH_0033264,PERCH Case Control,gates_perch
EUPATH_0033265,PERCH Case Control,gates_perch
EUPATH_0033265,PROVIDE Randomized Controlled Trial,gates_provide
EUPATH_0033265,Kalifabougou,general_kalifabougou
EUPATH_0033265,PROMOTE BC3 Cohort,general_promote
EUPATH_0033266,PERCH Case Control,gates_perch
EUPATH_0033266,PROVIDE Randomized Controlled Trial,gates_provide
EUPATH_0033266,Kalifabougou,general_kalifabougou
EUPATH_0033267,PERCH Case Control,gates_perch
EUPATH_0033268,PERCH Case Control,gates_perch
EUPATH_0033269,PERCH Case Control,gates_perch
EUPATH_0033271,PERCH Case Control,gates_perch
EUPATH_0033272,PERCH Case Control,gates_perch
EUPATH_0033274,PERCH Case Control,gates_perch
EUPATH_0033276,PERCH Case Control,gates_perch
EUPATH_0033277,PERCH Case Control,gates_perch
EUPATH_0033278,PERCH Case Control,gates_perch
EUPATH_0033279,PERCH Case Control,gates_perch
EUPATH_0033280,PERCH Case Control,gates_perch
EUPATH_0033281,PERCH Case Control,gates_perch
EUPATH_0033282,PERCH Case Control,gates_perch
EUPATH_0033283,PERCH Case Control,gates_perch
EUPATH_0033284,PERCH Case Control,gates_perch
EUPATH_0033285,PERCH Case Control,gates_perch
EUPATH_0033286,PERCH Case Control,gates_perch
EUPATH_0033287,PERCH Case Control,gates_perch
EUPATH_0033288,PERCH Case Control,gates_perch
EUPATH_0033289,PERCH Case Control,gates_perch
EUPATH_0033290,PERCH Case Control,gates_perch
EUPATH_0033291,PERCH Case Control,gates_perch
EUPATH_0033292,PERCH Case Control,gates_perch
EUPATH_0033293,Preventing Congenital Syphilis,gates_pcs
EUPATH_0033293,PERCH Case Control,gates_perch
EUPATH_0033293,SIP,gates_sip
EUPATH_0033293,PROMOTE BC3 Cohort,general_promote
EUPATH_0033293,India ICEMR Fever Surveillance,icemr_india_fever_surv
EUPATH_0033293,India ICEMR Severe P.vivax and falciparum Cohort,icemr_india_severe_malaria
EUPATH_0033293,South Asia ICEMR Surveillance,icemr_south_asia
EUPATH_0033294,PERCH Case Control,gates_perch
EUPATH_0033295,PERCH Case Control,gates_perch
EUPATH_0033296,PERCH Case Control,gates_perch
EUPATH_0033297,PERCH Case Control,gates_perch
EUPATH_0033298,PERCH Case Control,gates_perch
EUPATH_0033299,PERCH Case Control,gates_perch
EUPATH_0033300,PERCH Case Control,gates_perch
EUPATH_0033301,PERCH Case Control,gates_perch
EUPATH_0033302,PERCH Case Control,gates_perch
EUPATH_0033303,PERCH Case Control,gates_perch
EUPATH_0033304,PERCH Case Control,gates_perch
EUPATH_0033304,India ICEMR Fever Surveillance,icemr_india_fever_surv
EUPATH_0033304,India ICEMR Severe P.vivax and falciparum Cohort,icemr_india_severe_malaria
EUPATH_0033305,PERCH Case Control,gates_perch
EUPATH_0033306,PERCH Case Control,gates_perch
EUPATH_0033307,,gates_avenir
EUPATH_0033307,GAMIN RCT,gates_gamin
EUPATH_0033307,LLINE UP Cluster Randomized Trial,gates_llineup
EUPATH_0033307,PERCH Case Control,gates_perch
EUPATH_0033307,Kalifabougou,general_kalifabougou
EUPATH_0033307,PROMOTE BC3 Cohort,general_promote
EUPATH_0033307,UMSP Surveillance,general_umsp
EUPATH_0033307,Amazonia ICEMR Brazil Cohort,icemr_amazonia_brazil
EUPATH_0033307,Amazonia ICEMR Peru Cohort,icemr_amazonia_peru
EUPATH_0033307,India ICEMR Behavior Cross-sectional,icemr_india_behavior
EUPATH_0033307,India ICEMR Cohort,icemr_india_cohort
EUPATH_0033307,India ICEMR Cross-Sectional,icemr_india_cx
EUPATH_0033307,India ICEMR DAMaN,icemr_india_daman
EUPATH_0033307,India ICEMR Fever Surveillance,icemr_india_fever_surv
EUPATH_0033307,India ICEMR Meghalaya Cohort,icemr_india_meghalaya
EUPATH_0033307,India ICEMR Severe P.vivax and falciparum Cohort,icemr_india_severe_malaria
EUPATH_0033307,Malawi ICEMR Case-Control,icemr_malawi
EUPATH_0033307,Myanmar ICEMR,icemr_myanmar
EUPATH_0033307,PRISM ICEMR Cohort,icemr_prism
EUPATH_0033307,PRISM2 ICEMR Cohort,icemr_prism2
EUPATH_0033307,PRISM2 ICEMR Border Cohort,icemr_prism2_border_cohort
EUPATH_0033307,South Asia ICEMR Surveillance,icemr_south_asia
EUPATH_0033307,Southeast Asia ICEMR Surveillance,icemr_southeast_asia
EUPATH_0033307,Southern Africa ICEMR Cross-sectional,icemr_southern_africa
EUPATH_0033307,West Africa ICEMR,icemr_west_africa
EUPATH_0033308,,gates_avenir
EUPATH_0033308,GAMIN RCT,gates_gamin
EUPATH_0033308,LLINE UP Cluster Randomized Trial,gates_llineup
EUPATH_0033308,PERCH Case Control,gates_perch
EUPATH_0033308,Kalifabougou,general_kalifabougou
EUPATH_0033308,PROMOTE BC3 Cohort,general_promote
EUPATH_0033308,UMSP Surveillance,general_umsp
EUPATH_0033308,Amazonia ICEMR Brazil Cohort,icemr_amazonia_brazil
EUPATH_0033308,Amazonia ICEMR Peru Cohort,icemr_amazonia_peru
EUPATH_0033308,India ICEMR Behavior Cross-sectional,icemr_india_behavior
EUPATH_0033308,India ICEMR Cohort,icemr_india_cohort
EUPATH_0033308,India ICEMR Cross-Sectional,icemr_india_cx
EUPATH_0033308,India ICEMR DAMaN,icemr_india_daman
EUPATH_0033308,India ICEMR Fever Surveillance,icemr_india_fever_surv
EUPATH_0033308,India ICEMR Meghalaya Cohort,icemr_india_meghalaya
EUPATH_0033308,India ICEMR Severe P.vivax and falciparum Cohort,icemr_india_severe_malaria
EUPATH_0033308,Malawi ICEMR Case-Control,icemr_malawi
EUPATH_0033308,Myanmar ICEMR,icemr_myanmar
EUPATH_0033308,PRISM ICEMR Cohort,icemr_prism
EUPATH_0033308,PRISM2 ICEMR Cohort,icemr_prism2
EUPATH_0033308,PRISM2 ICEMR Border Cohort,icemr_prism2_border_cohort
EUPATH_0033308,South Asia ICEMR Surveillance,icemr_south_asia
EUPATH_0033308,Southeast Asia ICEMR Surveillance,icemr_southeast_asia
EUPATH_0033308,Southern Africa ICEMR Cross-sectional,icemr_southern_africa
EUPATH_0033308,West Africa ICEMR,icemr_west_africa
EUPATH_0033310,PERCH Case Control,gates_perch
EUPATH_0033311,PERCH Case Control,gates_perch
EUPATH_0033312,PERCH Case Control,gates_perch
EUPATH_0033313,PERCH Case Control,gates_perch
EUPATH_0033314,PERCH Case Control,gates_perch
EUPATH_0033315,PERCH Case Control,gates_perch
EUPATH_0033316,PERCH Case Control,gates_perch
EUPATH_0033317,PERCH Case Control,gates_perch
EUPATH_0033318,PERCH Case Control,gates_perch
EUPATH_0033319,PERCH Case Control,gates_perch
EUPATH_0033320,PERCH Case Control,gates_perch
EUPATH_0033321,PERCH Case Control,gates_perch
EUPATH_0033322,PERCH Case Control,gates_perch
EUPATH_0033324,PERCH Case Control,gates_perch
EUPATH_0033325,PERCH Case Control,gates_perch
EUPATH_0033326,PERCH Case Control,gates_perch
EUPATH_0033327,PERCH Case Control,gates_perch
EUPATH_0033328,PERCH Case Control,gates_perch
EUPATH_0033329,PERCH Case Control,gates_perch
EUPATH_0033331,PERCH Case Control,gates_perch
EUPATH_0033332,PERCH Case Control,gates_perch
EUPATH_0033333,PERCH Case Control,gates_perch
EUPATH_0033335,PERCH Case Control,gates_perch
EUPATH_0033336,PERCH Case Control,gates_perch
EUPATH_0033337,PERCH Case Control,gates_perch
EUPATH_0033338,PERCH Case Control,gates_perch
EUPATH_0033339,PERCH Case Control,gates_perch
EUPATH_0033340,PERCH Case Control,gates_perch
EUPATH_0033341,PERCH Case Control,gates_perch
EUPATH_0033342,PERCH Case Control,gates_perch
EUPATH_0033343,PERCH Case Control,gates_perch
EUPATH_0033344,PERCH Case Control,gates_perch
EUPATH_0033345,PERCH Case Control,gates_perch
EUPATH_0033346,PERCH Case Control,gates_perch
EUPATH_0033347,PERCH Case Control,gates_perch
EUPATH_0033348,PERCH Case Control,gates_perch
EUPATH_0033349,PERCH Case Control,gates_perch
EUPATH_0033350,PERCH Case Control,gates_perch
EUPATH_0033351,PERCH Case Control,gates_perch
EUPATH_0033352,PERCH Case Control,gates_perch
EUPATH_0033353,PERCH Case Control,gates_perch
EUPATH_0033354,PERCH Case Control,gates_perch
EUPATH_0033355,PERCH Case Control,gates_perch
EUPATH_0033356,PERCH Case Control,gates_perch
EUPATH_0033357,PERCH Case Control,gates_perch
EUPATH_0033358,PERCH Case Control,gates_perch
EUPATH_0033359,PERCH Case Control,gates_perch
EUPATH_0033360,PERCH Case Control,gates_perch
EUPATH_0033361,PERCH Case Control,gates_perch
EUPATH_0033362,PERCH Case Control,gates_perch
EUPATH_0033363,PERCH Case Control,gates_perch
EUPATH_0033364,PERCH Case Control,gates_perch
EUPATH_0033365,PERCH Case Control,gates_perch
EUPATH_0033366,PERCH Case Control,gates_perch
EUPATH_0033368,PERCH Case Control,gates_perch
EUPATH_0033369,PERCH Case Control,gates_perch
EUPATH_0033370,PERCH Case Control,gates_perch
EUPATH_0033371,PERCH Case Control,gates_perch
EUPATH_0033372,PERCH Case Control,gates_perch
EUPATH_0033373,PERCH Case Control,gates_perch
EUPATH_0033374,PERCH Case Control,gates_perch
EUPATH_0033375,PERCH Case Control,gates_perch
EUPATH_0033376,PERCH Case Control,gates_perch
EUPATH_0033376,SIP,gates_sip
EUPATH_0033376,India ICEMR Severe P.vivax and falciparum Cohort,icemr_india_severe_malaria
EUPATH_0033377,PERCH Case Control,gates_perch
EUPATH_0033379,PERCH Case Control,gates_perch
EUPATH_0033380,PERCH Case Control,gates_perch
EUPATH_0033381,PERCH Case Control,gates_perch
EUPATH_0033382,PERCH Case Control,gates_perch
EUPATH_0033382,SIP,gates_sip
EUPATH_0033383,PERCH Case Control,gates_perch
EUPATH_0033384,PERCH Case Control,gates_perch
EUPATH_0033385,PERCH Case Control,gates_perch
EUPATH_0033386,PERCH Case Control,gates_perch
EUPATH_0033387,PERCH Case Control,gates_perch
EUPATH_0033388,PERCH Case Control,gates_perch
EUPATH_0033389,PERCH Case Control,gates_perch
EUPATH_0033390,PERCH Case Control,gates_perch
EUPATH_0033391,PERCH Case Control,gates_perch
EUPATH_0033392,PERCH Case Control,gates_perch
EUPATH_0033393,PERCH Case Control,gates_perch
EUPATH_0033394,PERCH Case Control,gates_perch
EUPATH_0033394,SIP,gates_sip
EUPATH_0033395,PERCH Case Control,gates_perch
EUPATH_0033395,SIP,gates_sip
EUPATH_0033396,PERCH Case Control,gates_perch
EUPATH_0033398,PERCH Case Control,gates_perch
EUPATH_0033399,PERCH Case Control,gates_perch
EUPATH_0033400,PERCH Case Control,gates_perch
EUPATH_0033401,PERCH Case Control,gates_perch
EUPATH_0033402,PERCH Case Control,gates_perch
EUPATH_0033403,PERCH Case Control,gates_perch
EUPATH_0033404,PERCH Case Control,gates_perch
EUPATH_0033404,India ICEMR Severe P.vivax and falciparum Cohort,icemr_india_severe_malaria
EUPATH_0033405,PERCH Case Control,gates_perch
EUPATH_0033406,PERCH Case Control,gates_perch
EUPATH_0033407,PERCH Case Control,gates_perch
EUPATH_0033408,PERCH Case Control,gates_perch
EUPATH_0033409,PERCH Case Control,gates_perch
EUPATH_0033410,PERCH Case Control,gates_perch
EUPATH_0033411,PERCH Case Control,gates_perch
EUPATH_0033411,India ICEMR Severe P.vivax and falciparum Cohort,icemr_india_severe_malaria
EUPATH_0033412,PERCH Case Control,gates_perch
EUPATH_0033413,PERCH Case Control,gates_perch
EUPATH_0033414,PERCH Case Control,gates_perch
EUPATH_0033415,PERCH Case Control,gates_perch
EUPATH_0033416,PERCH Case Control,gates_perch
EUPATH_0033417,PERCH Case Control,gates_perch
EUPATH_0033418,PERCH Case Control,gates_perch
EUPATH_0033419,PERCH Case Control,gates_perch
EUPATH_0033420,PERCH Case Control,gates_perch
EUPATH_0033421,PERCH Case Control,gates_perch
EUPATH_0033422,PERCH Case Control,gates_perch
EUPATH_0033423,PERCH Case Control,gates_perch
EUPATH_0033424,PERCH Case Control,gates_perch
EUPATH_0033425,PERCH Case Control,gates_perch
EUPATH_0033426,PERCH Case Control,gates_perch
EUPATH_0033427,PERCH Case Control,gates_perch
EUPATH_0033427,SIP,gates_sip
EUPATH_0033428,PERCH Case Control,gates_perch
EUPATH_0033428,SIP,gates_sip
EUPATH_0033429,PERCH Case Control,gates_perch
EUPATH_0033430,PERCH Case Control,gates_perch
EUPATH_0033431,PERCH Case Control,gates_perch
EUPATH_0033431,SIP,gates_sip
EUPATH_0033432,PERCH Case Control,gates_perch
EUPATH_0033433,PERCH Case Control,gates_perch
EUPATH_0033434,PERCH Case Control,gates_perch
EUPATH_0033434,SIP,gates_sip
EUPATH_0033434,India ICEMR Severe P.vivax and falciparum Cohort,icemr_india_severe_malaria
EUPATH_0033435,PERCH Case Control,gates_perch
EUPATH_0033436,PERCH Case Control,gates_perch
EUPATH_0033437,PERCH Case Control,gates_perch
EUPATH_0033438,PERCH Case Control,gates_perch
EUPATH_0033439,PERCH Case Control,gates_perch
EUPATH_0033440,PERCH Case Control,gates_perch
EUPATH_0033441,PERCH Case Control,gates_perch
EUPATH_0033442,PERCH Case Control,gates_perch
EUPATH_0033443,PERCH Case Control,gates_perch
EUPATH_0033444,PERCH Case Control,gates_perch
EUPATH_0033445,PERCH Case Control,gates_perch
EUPATH_0033446,PERCH Case Control,gates_perch
EUPATH_0033447,PERCH Case Control,gates_perch
EUPATH_0033448,PERCH Case Control,gates_perch
EUPATH_0033449,PERCH Case Control,gates_perch
EUPATH_0033450,PERCH Case Control,gates_perch
EUPATH_0033451,PERCH Case Control,gates_perch
EUPATH_0033452,PERCH Case Control,gates_perch
EUPATH_0033453,PERCH Case Control,gates_perch
EUPATH_0033454,PERCH Case Control,gates_perch
EUPATH_0033455,PERCH Case Control,gates_perch
EUPATH_0035001,WASHb BNG Cluster Randomized Trial,gates_washb_bangladesh
EUPATH_0035002,WASHb BNG Cluster Randomized Trial,gates_washb_bangladesh
EUPATH_0035003,PROVIDE Randomized Controlled Trial,gates_provide
EUPATH_0035003,SHINE,gates_shine
EUPATH_0035003,WASHb BNG Cluster Randomized Trial,gates_washb_bangladesh
EUPATH_0035004,WASHb BNG Cluster Randomized Trial,gates_washb_bangladesh
EUPATH_0035005,WASHb BNG Cluster Randomized Trial,gates_washb_bangladesh
EUPATH_0035006,WASHb BNG Cluster Randomized Trial,gates_washb_bangladesh
EUPATH_0035007,WASHb BNG Cluster Randomized Trial,gates_washb_bangladesh
EUPATH_0035008,SHINE,gates_shine
EUPATH_0035008,WASHb BNG Cluster Randomized Trial,gates_washb_bangladesh
EUPATH_0035009,WASHb BNG Cluster Randomized Trial,gates_washb_bangladesh
EUPATH_0035010,WASHb BNG Cluster Randomized Trial,gates_washb_bangladesh
EUPATH_0035011,WASHb BNG Cluster Randomized Trial,gates_washb_bangladesh
EUPATH_0035012,WASHb BNG Cluster Randomized Trial,gates_washb_bangladesh
EUPATH_0035013,WASHb BNG Cluster Randomized Trial,gates_washb_bangladesh
EUPATH_0035016,WASHb BNG Cluster Randomized Trial,gates_washb_bangladesh
EUPATH_0035020,WASHb BNG Cluster Randomized Trial,gates_washb_bangladesh
EUPATH_0035021,WASHb BNG Cluster Randomized Trial,gates_washb_bangladesh
EUPATH_0035022,WASHb BNG Cluster Randomized Trial,gates_washb_bangladesh
EUPATH_0035024,LLINE UP Cluster Randomized Trial,gates_llineup
EUPATH_0035024,WASHb BNG Cluster Randomized Trial,gates_washb_bangladesh
EUPATH_0035024,WASH Benefits Kenya Cluster Randomized Trial,gates_washb_kenya
EUPATH_0035026,WASHb BNG Cluster Randomized Trial,gates_washb_bangladesh
EUPATH_0035026,WASH Benefits Kenya Cluster Randomized Trial,gates_washb_kenya
EUPATH_0035027,WASHb BNG Cluster Randomized Trial,gates_washb_bangladesh
EUPATH_0035027,WASH Benefits Kenya Cluster Randomized Trial,gates_washb_kenya
EUPATH_0035028,WASHb BNG Cluster Randomized Trial,gates_washb_bangladesh
EUPATH_0035029,WASHb BNG Cluster Randomized Trial,gates_washb_bangladesh
EUPATH_0035030,WASHb BNG Cluster Randomized Trial,gates_washb_bangladesh
EUPATH_0035031,WASHb BNG Cluster Randomized Trial,gates_washb_bangladesh
EUPATH_0035032,WASHb BNG Cluster Randomized Trial,gates_washb_bangladesh
EUPATH_0035034,GANC,gates_ganc
EUPATH_0035034,WASHb BNG Cluster Randomized Trial,gates_washb_bangladesh
EUPATH_0035035,GANC,gates_ganc
EUPATH_0035035,SHINE,gates_shine
EUPATH_0035035,WASHb BNG Cluster Randomized Trial,gates_washb_bangladesh
EUPATH_0035036,WASHb BNG Cluster Randomized Trial,gates_washb_bangladesh
EUPATH_0035037,WASHb BNG Cluster Randomized Trial,gates_washb_bangladesh
EUPATH_0035038,WASHb BNG Cluster Randomized Trial,gates_washb_bangladesh
EUPATH_0035039,WASHb BNG Cluster Randomized Trial,gates_washb_bangladesh
EUPATH_0035040,WASHb BNG Cluster Randomized Trial,gates_washb_bangladesh
EUPATH_0035041,WASHb BNG Cluster Randomized Trial,gates_washb_bangladesh
EUPATH_0035042,WASHb BNG Cluster Randomized Trial,gates_washb_bangladesh
EUPATH_0035043,WASHb BNG Cluster Randomized Trial,gates_washb_bangladesh
EUPATH_0035044,WASHb BNG Cluster Randomized Trial,gates_washb_bangladesh
EUPATH_0035045,WASHb BNG Cluster Randomized Trial,gates_washb_bangladesh
EUPATH_0035045,WASH Benefits Kenya Cluster Randomized Trial,gates_washb_kenya
EUPATH_0035046,WASHb BNG Cluster Randomized Trial,gates_washb_bangladesh
EUPATH_0035047,WASHb BNG Cluster Randomized Trial,gates_washb_bangladesh
EUPATH_0035048,WASHb BNG Cluster Randomized Trial,gates_washb_bangladesh
EUPATH_0035049,WASHb BNG Cluster Randomized Trial,gates_washb_bangladesh
EUPATH_0035050,WASHb BNG Cluster Randomized Trial,gates_washb_bangladesh
EUPATH_0035051,WASHb BNG Cluster Randomized Trial,gates_washb_bangladesh
EUPATH_0035052,WASHb BNG Cluster Randomized Trial,gates_washb_bangladesh
EUPATH_0035053,WASHb BNG Cluster Randomized Trial,gates_washb_bangladesh
EUPATH_0035054,WASHb BNG Cluster Randomized Trial,gates_washb_bangladesh
EUPATH_0035055,WASHb BNG Cluster Randomized Trial,gates_washb_bangladesh
EUPATH_0035056,WASHb BNG Cluster Randomized Trial,gates_washb_bangladesh
EUPATH_0035057,WASHb BNG Cluster Randomized Trial,gates_washb_bangladesh
EUPATH_0035058,WASHb BNG Cluster Randomized Trial,gates_washb_bangladesh
EUPATH_0035059,WASHb BNG Cluster Randomized Trial,gates_washb_bangladesh
EUPATH_0035060,WASHb BNG Cluster Randomized Trial,gates_washb_bangladesh
EUPATH_0035061,WASHb BNG Cluster Randomized Trial,gates_washb_bangladesh
EUPATH_0035061,WASH Benefits Kenya Cluster Randomized Trial,gates_washb_kenya
EUPATH_0035062,WASHb BNG Cluster Randomized Trial,gates_washb_bangladesh
EUPATH_0035062,WASH Benefits Kenya Cluster Randomized Trial,gates_washb_kenya
EUPATH_0035063,WASHb BNG Cluster Randomized Trial,gates_washb_bangladesh
EUPATH_0035064,WASHb BNG Cluster Randomized Trial,gates_washb_bangladesh
EUPATH_0035064,WASH Benefits Kenya Cluster Randomized Trial,gates_washb_kenya
EUPATH_0035065,WASHb BNG Cluster Randomized Trial,gates_washb_bangladesh
EUPATH_0035066,WASHb BNG Cluster Randomized Trial,gates_washb_bangladesh
EUPATH_0035066,WASH Benefits Kenya Cluster Randomized Trial,gates_washb_kenya
EUPATH_0035067,WASHb BNG Cluster Randomized Trial,gates_washb_bangladesh
EUPATH_0035067,WASH Benefits Kenya Cluster Randomized Trial,gates_washb_kenya
EUPATH_0035068,WASHb BNG Cluster Randomized Trial,gates_washb_bangladesh
EUPATH_0035069,WASHb BNG Cluster Randomized Trial,gates_washb_bangladesh
EUPATH_0035069,WASH Benefits Kenya Cluster Randomized Trial,gates_washb_kenya
EUPATH_0035070,WASHb BNG Cluster Randomized Trial,gates_washb_bangladesh
EUPATH_0035071,WASHb BNG Cluster Randomized Trial,gates_washb_bangladesh
EUPATH_0035071,WASH Benefits Kenya Cluster Randomized Trial,gates_washb_kenya
EUPATH_0035072,WASHb BNG Cluster Randomized Trial,gates_washb_bangladesh
EUPATH_0035073,WASHb BNG Cluster Randomized Trial,gates_washb_bangladesh
EUPATH_0035073,WASH Benefits Kenya Cluster Randomized Trial,gates_washb_kenya
EUPATH_0035074,WASHb BNG Cluster Randomized Trial,gates_washb_bangladesh
EUPATH_0035075,WASHb BNG Cluster Randomized Trial,gates_washb_bangladesh
EUPATH_0035075,WASH Benefits Kenya Cluster Randomized Trial,gates_washb_kenya
EUPATH_0035076,WASHb BNG Cluster Randomized Trial,gates_washb_bangladesh
EUPATH_0035077,WASHb BNG Cluster Randomized Trial,gates_washb_bangladesh
EUPATH_0035077,WASH Benefits Kenya Cluster Randomized Trial,gates_washb_kenya
EUPATH_0035078,WASHb BNG Cluster Randomized Trial,gates_washb_bangladesh
EUPATH_0035079,WASHb BNG Cluster Randomized Trial,gates_washb_bangladesh
EUPATH_0035080,WASHb BNG Cluster Randomized Trial,gates_washb_bangladesh
EUPATH_0035081,WASHb BNG Cluster Randomized Trial,gates_washb_bangladesh
EUPATH_0035082,WASHb BNG Cluster Randomized Trial,gates_washb_bangladesh
EUPATH_0035083,WASHb BNG Cluster Randomized Trial,gates_washb_bangladesh
EUPATH_0035083,WASH Benefits Kenya Cluster Randomized Trial,gates_washb_kenya
EUPATH_0035084,WASHb BNG Cluster Randomized Trial,gates_washb_bangladesh
EUPATH_0035085,WASHb BNG Cluster Randomized Trial,gates_washb_bangladesh
EUPATH_0035086,WASHb BNG Cluster Randomized Trial,gates_washb_bangladesh
EUPATH_0035087,WASHb BNG Cluster Randomized Trial,gates_washb_bangladesh
EUPATH_0035088,WASHb BNG Cluster Randomized Trial,gates_washb_bangladesh
EUPATH_0035089,WASHb BNG Cluster Randomized Trial,gates_washb_bangladesh
EUPATH_0035091,WASHb BNG Cluster Randomized Trial,gates_washb_bangladesh
EUPATH_0035095,WASHb BNG Cluster Randomized Trial,gates_washb_bangladesh
EUPATH_0035095,Southern Africa ICEMR Cross-sectional,icemr_southern_africa
EUPATH_0035096,WASHb BNG Cluster Randomized Trial,gates_washb_bangladesh
EUPATH_0035097,VIDA HUCS Gambia Mali,gates_vida_hucs_gambia_mali
EUPATH_0035097,VIDA HUCS Kenya,gates_vida_hucs_kenya
EUPATH_0035097,WASHb BNG Cluster Randomized Trial,gates_washb_bangladesh
EUPATH_0035097,WASH Benefits Kenya Cluster Randomized Trial,gates_washb_kenya
EUPATH_0035098,WASHb BNG Cluster Randomized Trial,gates_washb_bangladesh
EUPATH_0035098,WASH Benefits Kenya Cluster Randomized Trial,gates_washb_kenya
EUPATH_0035099,WASHb BNG Cluster Randomized Trial,gates_washb_bangladesh
EUPATH_0035100,WASHb BNG Cluster Randomized Trial,gates_washb_bangladesh
EUPATH_0035101,WASHb BNG Cluster Randomized Trial,gates_washb_bangladesh
EUPATH_0035102,WASHb BNG Cluster Randomized Trial,gates_washb_bangladesh
EUPATH_0035103,WASHb BNG Cluster Randomized Trial,gates_washb_bangladesh
EUPATH_0035104,WASHb BNG Cluster Randomized Trial,gates_washb_bangladesh
EUPATH_0035105,WASHb BNG Cluster Randomized Trial,gates_washb_bangladesh
EUPATH_0035106,WASHb BNG Cluster Randomized Trial,gates_washb_bangladesh
EUPATH_0035107,WASHb BNG Cluster Randomized Trial,gates_washb_bangladesh
EUPATH_0035107,WASH Benefits Kenya Cluster Randomized Trial,gates_washb_kenya
EUPATH_0035108,WASHb BNG Cluster Randomized Trial,gates_washb_bangladesh
EUPATH_0035108,WASH Benefits Kenya Cluster Randomized Trial,gates_washb_kenya
EUPATH_0035109,ELICIT,gates_elicit
EUPATH_0035109,GAMIN RCT,gates_gamin
EUPATH_0035109,PROVIDE Randomized Controlled Trial,gates_provide
EUPATH_0035109,SIP,gates_sip
EUPATH_0035109,WASHb BNG Cluster Randomized Trial,gates_washb_bangladesh
EUPATH_0035109,WASH Benefits Kenya Cluster Randomized Trial,gates_washb_kenya
EUPATH_0035110,WASHb BNG Cluster Randomized Trial,gates_washb_bangladesh
EUPATH_0035110,WASH Benefits Kenya Cluster Randomized Trial,gates_washb_kenya
EUPATH_0035111,WASHb BNG Cluster Randomized Trial,gates_washb_bangladesh
EUPATH_0035112,WASHb BNG Cluster Randomized Trial,gates_washb_bangladesh
EUPATH_0035112,WASH Benefits Kenya Cluster Randomized Trial,gates_washb_kenya
EUPATH_0035113,PROVIDE Randomized Controlled Trial,gates_provide
EUPATH_0035113,WASHb BNG Cluster Randomized Trial,gates_washb_bangladesh
EUPATH_0035113,WASH Benefits Kenya Cluster Randomized Trial,gates_washb_kenya
EUPATH_0035114,PROVIDE Randomized Controlled Trial,gates_provide
EUPATH_0035114,WASHb BNG Cluster Randomized Trial,gates_washb_bangladesh
EUPATH_0035115,WASHb BNG Cluster Randomized Trial,gates_washb_bangladesh
EUPATH_0035116,WASHb BNG Cluster Randomized Trial,gates_washb_bangladesh
EUPATH_0035116,WASH Benefits Kenya Cluster Randomized Trial,gates_washb_kenya
EUPATH_0035117,WASHb BNG Cluster Randomized Trial,gates_washb_bangladesh
EUPATH_0035118,WASHb BNG Cluster Randomized Trial,gates_washb_bangladesh
EUPATH_0035119,"avenir,baseline",gates_avenir
EUPATH_0035119,WASHb BNG Cluster Randomized Trial,gates_washb_bangladesh
EUPATH_0035120,WASHb BNG Cluster Randomized Trial,gates_washb_bangladesh
EUPATH_0035121,"avenir,baseline",gates_avenir
EUPATH_0035121,WASHb BNG Cluster Randomized Trial,gates_washb_bangladesh
EUPATH_0035122,"avenir,baseline",gates_avenir
EUPATH_0035122,WASHb BNG Cluster Randomized Trial,gates_washb_bangladesh
EUPATH_0035123,WASHb BNG Cluster Randomized Trial,gates_washb_bangladesh
EUPATH_0035124,WASHb BNG Cluster Randomized Trial,gates_washb_bangladesh
EUPATH_0035125,"avenir,baseline",gates_avenir
EUPATH_0035125,LLINE UP Cluster Randomized Trial,gates_llineup
EUPATH_0035125,mordor,gates_mordor
EUPATH_0035125,Preventing Congenital Syphilis,gates_pcs
EUPATH_0035125,WASHb BNG Cluster Randomized Trial,gates_washb_bangladesh
EUPATH_0035125,WASH Benefits Kenya Cluster Randomized Trial,gates_washb_kenya
EUPATH_0035127,"avenir,baseline",gates_avenir
EUPATH_0035127,ELICIT,gates_elicit
EUPATH_0035127,GAMIN RCT,gates_gamin
EUPATH_0035127,GANC,gates_ganc
EUPATH_0035127,LLINE UP Cluster Randomized Trial,gates_llineup
EUPATH_0035127,mordor,gates_mordor
EUPATH_0035127,Preventing Congenital Syphilis,gates_pcs
EUPATH_0035127,PERCH Case Control,gates_perch
EUPATH_0035127,SCORE Burundi,gates_score_burundi
EUPATH_0035127,SCORE Five Country,gates_score_five_country
EUPATH_0035127,SCORE Mozambique Cluster Randomized Trial,gates_score_moz
EUPATH_0035127,SCORE Niger Cluster Randomized Trial,gates_score_nig
EUPATH_0035127,SCORE Rwanda,gates_score_rwanda
EUPATH_0035127,SCORE Seasonal,gates_score_seasonal
EUPATH_0035127,SCORE Sm Cohort,gates_score_sm_cohort
EUPATH_0035127,SCORE S. mansoni Cluster Randomized Trial,gates_score_sm_crt
EUPATH_0035127,SCORE Zanzibar,gates_score_zanzibar
EUPATH_0035127,VIDA Case Control,gates_vida
EUPATH_0035127,VIDA HUCS Gambia Mali,gates_vida_hucs_gambia_mali
EUPATH_0035127,VIDA HUCS Kenya,gates_vida_hucs_kenya
EUPATH_0035127,WASHb BNG Cluster Randomized Trial,gates_washb_bangladesh
EUPATH_0035127,WASH Benefits Kenya Cluster Randomized Trial,gates_washb_kenya
EUPATH_0035127,Malawi ICEMR Case-Control,icemr_malawi
EUPATH_0035127,Southeast Asia ICEMR Surveillance,icemr_southeast_asia
EUPATH_0035128,WASHb BNG Cluster Randomized Trial,gates_washb_bangladesh
EUPATH_0035128,WASH Benefits Kenya Cluster Randomized Trial,gates_washb_kenya
EUPATH_0035159,,gates_avenir
EUPATH_0035159,WASHb BNG Cluster Randomized Trial,gates_washb_bangladesh
EUPATH_0036001,PROVIDE Randomized Controlled Trial,gates_provide
EUPATH_0036002,PROVIDE Randomized Controlled Trial,gates_provide
EUPATH_0036003,PROVIDE Randomized Controlled Trial,gates_provide
EUPATH_0036004,PROVIDE Randomized Controlled Trial,gates_provide
EUPATH_0036005,"avenir,baseline",gates_avenir
EUPATH_0036005,GANC,gates_ganc
EUPATH_0036005,PROVIDE Randomized Controlled Trial,gates_provide
EUPATH_0036006,PROVIDE Randomized Controlled Trial,gates_provide
EUPATH_0036006,SIP,gates_sip
EUPATH_0036009,PROVIDE Randomized Controlled Trial,gates_provide
EUPATH_0036010,PROVIDE Randomized Controlled Trial,gates_provide
EUPATH_0036012,ELICIT,gates_elicit
EUPATH_0036012,PROVIDE Randomized Controlled Trial,gates_provide
EUPATH_0036012,WASHb BNG Cluster Randomized Trial,gates_washb_bangladesh
EUPATH_0036012,WASH Benefits Kenya Cluster Randomized Trial,gates_washb_kenya
EUPATH_0036014,PROVIDE Randomized Controlled Trial,gates_provide
EUPATH_0036015,PROVIDE Randomized Controlled Trial,gates_provide
EUPATH_0036017,PROVIDE Randomized Controlled Trial,gates_provide
EUPATH_0036018,PROVIDE Randomized Controlled Trial,gates_provide
EUPATH_0036019,PROVIDE Randomized Controlled Trial,gates_provide
EUPATH_0036020,PROVIDE Randomized Controlled Trial,gates_provide
EUPATH_0036021,PROVIDE Randomized Controlled Trial,gates_provide
EUPATH_0036022,PROVIDE Randomized Controlled Trial,gates_provide
EUPATH_0036022,SIP,gates_sip
EUPATH_0036023,PROVIDE Randomized Controlled Trial,gates_provide
EUPATH_0036024,PROVIDE Randomized Controlled Trial,gates_provide
EUPATH_0036026,PROVIDE Randomized Controlled Trial,gates_provide
EUPATH_0036027,PROVIDE Randomized Controlled Trial,gates_provide
EUPATH_0036029,PROVIDE Randomized Controlled Trial,gates_provide
EUPATH_0036030,PROVIDE Randomized Controlled Trial,gates_provide
EUPATH_0036031,PROVIDE Randomized Controlled Trial,gates_provide
EUPATH_0036031,PROMOTE BC3 Cohort,general_promote
EUPATH_0036031,India ICEMR Fever Surveillance,icemr_india_fever_surv
EUPATH_0036031,India ICEMR Severe P.vivax and falciparum Cohort,icemr_india_severe_malaria
EUPATH_0036032,PROVIDE Randomized Controlled Trial,gates_provide
EUPATH_0036033,PROVIDE Randomized Controlled Trial,gates_provide
EUPATH_0036034,PROVIDE Randomized Controlled Trial,gates_provide
EUPATH_0036035,PROVIDE Randomized Controlled Trial,gates_provide
EUPATH_0036036,PROVIDE Randomized Controlled Trial,gates_provide
EUPATH_0036037,PROVIDE Randomized Controlled Trial,gates_provide
EUPATH_0036038,PROVIDE Randomized Controlled Trial,gates_provide
EUPATH_0036039,PROVIDE Randomized Controlled Trial,gates_provide
EUPATH_0036040,PROVIDE Randomized Controlled Trial,gates_provide
EUPATH_0036041,PROVIDE Randomized Controlled Trial,gates_provide
EUPATH_0036042,PROVIDE Randomized Controlled Trial,gates_provide
EUPATH_0036043,PROVIDE Randomized Controlled Trial,gates_provide
EUPATH_0036044,PROVIDE Randomized Controlled Trial,gates_provide
EUPATH_0036045,PROVIDE Randomized Controlled Trial,gates_provide
EUPATH_0036046,PROVIDE Randomized Controlled Trial,gates_provide
EUPATH_0036047,PROVIDE Randomized Controlled Trial,gates_provide
EUPATH_0036048,PROVIDE Randomized Controlled Trial,gates_provide
EUPATH_0036049,PROVIDE Randomized Controlled Trial,gates_provide
EUPATH_0036050,PROVIDE Randomized Controlled Trial,gates_provide
EUPATH_0036051,PROVIDE Randomized Controlled Trial,gates_provide
EUPATH_0036053,PROVIDE Randomized Controlled Trial,gates_provide
EUPATH_0036054,PROVIDE Randomized Controlled Trial,gates_provide
EUPATH_0036054,SIP,gates_sip
EUPATH_0036055,PROVIDE Randomized Controlled Trial,gates_provide
EUPATH_0036056,PROVIDE Randomized Controlled Trial,gates_provide
EUPATH_0036057,PROVIDE Randomized Controlled Trial,gates_provide
EUPATH_0036058,PROVIDE Randomized Controlled Trial,gates_provide
EUPATH_0036059,PROVIDE Randomized Controlled Trial,gates_provide
EUPATH_0036060,PROVIDE Randomized Controlled Trial,gates_provide
EUPATH_0036062,PROVIDE Randomized Controlled Trial,gates_provide
EUPATH_0036063,PROVIDE Randomized Controlled Trial,gates_provide
EUPATH_0036064,PROVIDE Randomized Controlled Trial,gates_provide
EUPATH_0036069,PROVIDE Randomized Controlled Trial,gates_provide
EUPATH_0036071,PROVIDE Randomized Controlled Trial,gates_provide
EUPATH_0036072,PROVIDE Randomized Controlled Trial,gates_provide
EUPATH_0036072,Kalifabougou,general_kalifabougou
EUPATH_0036073,PROVIDE Randomized Controlled Trial,gates_provide
EUPATH_0036074,PROVIDE Randomized Controlled Trial,gates_provide
EUPATH_0036075,PROVIDE Randomized Controlled Trial,gates_provide
EUPATH_0036076,PROVIDE Randomized Controlled Trial,gates_provide
EUPATH_0036078,PROVIDE Randomized Controlled Trial,gates_provide
EUPATH_0036079,ELICIT,gates_elicit
EUPATH_0036079,PROVIDE Randomized Controlled Trial,gates_provide
EUPATH_0036080,PROVIDE Randomized Controlled Trial,gates_provide
EUPATH_0036081,PROVIDE Randomized Controlled Trial,gates_provide
EUPATH_0036082,PROVIDE Randomized Controlled Trial,gates_provide
EUPATH_0036083,PROVIDE Randomized Controlled Trial,gates_provide
EUPATH_0036084,PROVIDE Randomized Controlled Trial,gates_provide
EUPATH_0036085,PROVIDE Randomized Controlled Trial,gates_provide
EUPATH_0036086,PROVIDE Randomized Controlled Trial,gates_provide
EUPATH_0036087,PROVIDE Randomized Controlled Trial,gates_provide
EUPATH_0036088,PROVIDE Randomized Controlled Trial,gates_provide
EUPATH_0036089,PROVIDE Randomized Controlled Trial,gates_provide
EUPATH_0036090,PROVIDE Randomized Controlled Trial,gates_provide
EUPATH_0036091,PROVIDE Randomized Controlled Trial,gates_provide
EUPATH_0036091,SHINE,gates_shine
EUPATH_0036092,PROVIDE Randomized Controlled Trial,gates_provide
EUPATH_0036093,PROVIDE Randomized Controlled Trial,gates_provide
EUPATH_0036094,PROVIDE Randomized Controlled Trial,gates_provide
EUPATH_0036095,PROVIDE Randomized Controlled Trial,gates_provide
EUPATH_0036096,PROVIDE Randomized Controlled Trial,gates_provide
EUPATH_0036097,PROVIDE Randomized Controlled Trial,gates_provide
EUPATH_0036098,PROVIDE Randomized Controlled Trial,gates_provide
EUPATH_0036099,PROVIDE Randomized Controlled Trial,gates_provide
EUPATH_0036100,"avenir,baseline",gates_avenir
EUPATH_0036100,PROVIDE Randomized Controlled Trial,gates_provide
EUPATH_0036101,PROVIDE Randomized Controlled Trial,gates_provide
EUPATH_0036102,PROVIDE Randomized Controlled Trial,gates_provide
EUPATH_0036103,PROVIDE Randomized Controlled Trial,gates_provide
EUPATH_0036104,PROVIDE Randomized Controlled Trial,gates_provide
EUPATH_0036105,PROVIDE Randomized Controlled Trial,gates_provide
EUPATH_0036106,PROVIDE Randomized Controlled Trial,gates_provide
EUPATH_0036107,PROVIDE Randomized Controlled Trial,gates_provide
EUPATH_0036108,PROVIDE Randomized Controlled Trial,gates_provide
EUPATH_0036109,PROVIDE Randomized Controlled Trial,gates_provide
EUPATH_0036110,PROVIDE Randomized Controlled Trial,gates_provide
EUPATH_0036111,PROVIDE Randomized Controlled Trial,gates_provide
EUPATH_0036112,PROVIDE Randomized Controlled Trial,gates_provide
EUPATH_0036113,PROVIDE Randomized Controlled Trial,gates_provide
EUPATH_0036114,PROVIDE Randomized Controlled Trial,gates_provide
EUPATH_0036115,PROVIDE Randomized Controlled Trial,gates_provide
EUPATH_0036116,PROVIDE Randomized Controlled Trial,gates_provide
EUPATH_0036117,"avenir,baseline",gates_avenir
EUPATH_0036117,PROVIDE Randomized Controlled Trial,gates_provide
EUPATH_0036118,PROVIDE Randomized Controlled Trial,gates_provide
EUPATH_0036119,PROVIDE Randomized Controlled Trial,gates_provide
EUPATH_0036120,PROVIDE Randomized Controlled Trial,gates_provide
EUPATH_0036121,PROVIDE Randomized Controlled Trial,gates_provide
EUPATH_0036122,GANC,gates_ganc
EUPATH_0036122,PROVIDE Randomized Controlled Trial,gates_provide
EUPATH_0036123,GANC,gates_ganc
EUPATH_0036123,PROVIDE Randomized Controlled Trial,gates_provide
EUPATH_0036124,GANC,gates_ganc
EUPATH_0036124,PROVIDE Randomized Controlled Trial,gates_provide
EUPATH_0036125,PROVIDE Randomized Controlled Trial,gates_provide
EUPATH_0036126,PROVIDE Randomized Controlled Trial,gates_provide
EUPATH_0036127,PROVIDE Randomized Controlled Trial,gates_provide
EUPATH_0036128,GANC,gates_ganc
EUPATH_0036128,PROVIDE Randomized Controlled Trial,gates_provide
EUPATH_0036129,GANC,gates_ganc
EUPATH_0036129,PROVIDE Randomized Controlled Trial,gates_provide
EUPATH_0036130,GANC,gates_ganc
EUPATH_0036130,PROVIDE Randomized Controlled Trial,gates_provide
EUPATH_0036131,PROVIDE Randomized Controlled Trial,gates_provide
EUPATH_0036132,GANC,gates_ganc
EUPATH_0036132,PROVIDE Randomized Controlled Trial,gates_provide
EUPATH_0036133,GANC,gates_ganc
EUPATH_0036133,PROVIDE Randomized Controlled Trial,gates_provide
EUPATH_0036134,GANC,gates_ganc
EUPATH_0036134,PROVIDE Randomized Controlled Trial,gates_provide
EUPATH_0036135,PROVIDE Randomized Controlled Trial,gates_provide
EUPATH_0036136,PROVIDE Randomized Controlled Trial,gates_provide
EUPATH_0036137,PROVIDE Randomized Controlled Trial,gates_provide
EUPATH_0036138,PROVIDE Randomized Controlled Trial,gates_provide
EUPATH_0036139,PROVIDE Randomized Controlled Trial,gates_provide
EUPATH_0036140,PROVIDE Randomized Controlled Trial,gates_provide
EUPATH_0036141,PROVIDE Randomized Controlled Trial,gates_provide
EUPATH_0036142,PROVIDE Randomized Controlled Trial,gates_provide
EUPATH_0036143,PROVIDE Randomized Controlled Trial,gates_provide
EUPATH_0036144,PROVIDE Randomized Controlled Trial,gates_provide
EUPATH_0036145,PROVIDE Randomized Controlled Trial,gates_provide
EUPATH_0036146,PROVIDE Randomized Controlled Trial,gates_provide
EUPATH_0036147,PROVIDE Randomized Controlled Trial,gates_provide
EUPATH_0036148,PROVIDE Randomized Controlled Trial,gates_provide
EUPATH_0036149,PROVIDE Randomized Controlled Trial,gates_provide
EUPATH_0036150,PROVIDE Randomized Controlled Trial,gates_provide
EUPATH_0036151,PROVIDE Randomized Controlled Trial,gates_provide
EUPATH_0036152,PROVIDE Randomized Controlled Trial,gates_provide
EUPATH_0036153,PROVIDE Randomized Controlled Trial,gates_provide
EUPATH_0036154,PROVIDE Randomized Controlled Trial,gates_provide
EUPATH_0036155,PROVIDE Randomized Controlled Trial,gates_provide
EUPATH_0036156,PROVIDE Randomized Controlled Trial,gates_provide
EUPATH_0036157,PROVIDE Randomized Controlled Trial,gates_provide
EUPATH_0036158,PROVIDE Randomized Controlled Trial,gates_provide
EUPATH_0036159,PROVIDE Randomized Controlled Trial,gates_provide
EUPATH_0036160,PROVIDE Randomized Controlled Trial,gates_provide
EUPATH_0036161,PROVIDE Randomized Controlled Trial,gates_provide
EUPATH_0036162,PROVIDE Randomized Controlled Trial,gates_provide
EUPATH_0036163,PROVIDE Randomized Controlled Trial,gates_provide
EUPATH_0036164,PROVIDE Randomized Controlled Trial,gates_provide
EUPATH_0036165,PROVIDE Randomized Controlled Trial,gates_provide
EUPATH_0036166,PROVIDE Randomized Controlled Trial,gates_provide
EUPATH_0036167,PROVIDE Randomized Controlled Trial,gates_provide
EUPATH_0036168,PROVIDE Randomized Controlled Trial,gates_provide
EUPATH_0036169,PROVIDE Randomized Controlled Trial,gates_provide
EUPATH_0036170,PROVIDE Randomized Controlled Trial,gates_provide
EUPATH_0036171,PROVIDE Randomized Controlled Trial,gates_provide
EUPATH_0036172,PROVIDE Randomized Controlled Trial,gates_provide
EUPATH_0036173,PROVIDE Randomized Controlled Trial,gates_provide
EUPATH_0036174,PROVIDE Randomized Controlled Trial,gates_provide
EUPATH_0036175,PROVIDE Randomized Controlled Trial,gates_provide
EUPATH_0036176,PROVIDE Randomized Controlled Trial,gates_provide
EUPATH_0036177,PROVIDE Randomized Controlled Trial,gates_provide
EUPATH_0036178,PROVIDE Randomized Controlled Trial,gates_provide
EUPATH_0036179,PROVIDE Randomized Controlled Trial,gates_provide
EUPATH_0036180,PROVIDE Randomized Controlled Trial,gates_provide
EUPATH_0036181,PROVIDE Randomized Controlled Trial,gates_provide
EUPATH_0036182,PROVIDE Randomized Controlled Trial,gates_provide
EUPATH_0036183,PROVIDE Randomized Controlled Trial,gates_provide
EUPATH_0036184,PROVIDE Randomized Controlled Trial,gates_provide
EUPATH_0036185,PROVIDE Randomized Controlled Trial,gates_provide
EUPATH_0036186,PROVIDE Randomized Controlled Trial,gates_provide
EUPATH_0036187,PROVIDE Randomized Controlled Trial,gates_provide
EUPATH_0036188,PROVIDE Randomized Controlled Trial,gates_provide
EUPATH_0036189,PROVIDE Randomized Controlled Trial,gates_provide
EUPATH_0036190,PROVIDE Randomized Controlled Trial,gates_provide
EUPATH_0036191,PROVIDE Randomized Controlled Trial,gates_provide
EUPATH_0036192,PROVIDE Randomized Controlled Trial,gates_provide
EUPATH_0036193,PROVIDE Randomized Controlled Trial,gates_provide
EUPATH_0036194,PROVIDE Randomized Controlled Trial,gates_provide
EUPATH_0036195,PROVIDE Randomized Controlled Trial,gates_provide
EUPATH_0036196,PROVIDE Randomized Controlled Trial,gates_provide
EUPATH_0036197,PROVIDE Randomized Controlled Trial,gates_provide
EUPATH_0036198,PROVIDE Randomized Controlled Trial,gates_provide
EUPATH_0036199,PROVIDE Randomized Controlled Trial,gates_provide
EUPATH_0036200,PROVIDE Randomized Controlled Trial,gates_provide
EUPATH_0036201,PROVIDE Randomized Controlled Trial,gates_provide
EUPATH_0036202,PROVIDE Randomized Controlled Trial,gates_provide
EUPATH_0036203,PROVIDE Randomized Controlled Trial,gates_provide
EUPATH_0036204,PROVIDE Randomized Controlled Trial,gates_provide
EUPATH_0036205,PROVIDE Randomized Controlled Trial,gates_provide
EUPATH_0036207,PROVIDE Randomized Controlled Trial,gates_provide
EUPATH_0036208,PROVIDE Randomized Controlled Trial,gates_provide
EUPATH_0036209,PROVIDE Randomized Controlled Trial,gates_provide
EUPATH_0036210,PROVIDE Randomized Controlled Trial,gates_provide
EUPATH_0036211,PROVIDE Randomized Controlled Trial,gates_provide
EUPATH_0036212,GANC,gates_ganc
EUPATH_0036212,PROVIDE Randomized Controlled Trial,gates_provide
EUPATH_0036213,PROVIDE Randomized Controlled Trial,gates_provide
EUPATH_0036214,PROVIDE Randomized Controlled Trial,gates_provide
EUPATH_0036215,PROVIDE Randomized Controlled Trial,gates_provide
EUPATH_0036216,PROVIDE Randomized Controlled Trial,gates_provide
EUPATH_0036217,PROVIDE Randomized Controlled Trial,gates_provide
EUPATH_0036218,ELICIT,gates_elicit
EUPATH_0036218,GAMIN RCT,gates_gamin
EUPATH_0036218,PROVIDE Randomized Controlled Trial,gates_provide
EUPATH_0036218,SIP,gates_sip
EUPATH_0036219,PROVIDE Randomized Controlled Trial,gates_provide
EUPATH_0036220,ELICIT,gates_elicit
EUPATH_0036220,GAMIN RCT,gates_gamin
EUPATH_0036220,PROVIDE Randomized Controlled Trial,gates_provide
EUPATH_0036220,SIP,gates_sip
EUPATH_0036220,WASH Benefits Kenya Cluster Randomized Trial,gates_washb_kenya
EUPATH_0036221,PROVIDE Randomized Controlled Trial,gates_provide
EUPATH_0036221,SIP,gates_sip
EUPATH_0036222,PROVIDE Randomized Controlled Trial,gates_provide
EUPATH_0036224,PROVIDE Randomized Controlled Trial,gates_provide
EUPATH_0036225,PROVIDE Randomized Controlled Trial,gates_provide
EUPATH_0036225,SHINE,gates_shine
EUPATH_0036228,PROVIDE Randomized Controlled Trial,gates_provide
EUPATH_0036229,PROVIDE Randomized Controlled Trial,gates_provide
EUPATH_0036230,PROVIDE Randomized Controlled Trial,gates_provide
EUPATH_0036231,PROVIDE Randomized Controlled Trial,gates_provide
EUPATH_0036232,PROVIDE Randomized Controlled Trial,gates_provide
EUPATH_0036233,PROVIDE Randomized Controlled Trial,gates_provide
EUPATH_0036234,PROVIDE Randomized Controlled Trial,gates_provide
EUPATH_0036235,PROVIDE Randomized Controlled Trial,gates_provide
EUPATH_0036236,PROVIDE Randomized Controlled Trial,gates_provide
EUPATH_0036237,PROVIDE Randomized Controlled Trial,gates_provide
EUPATH_0036238,PROVIDE Randomized Controlled Trial,gates_provide
EUPATH_0036239,PROVIDE Randomized Controlled Trial,gates_provide
EUPATH_0036240,PROVIDE Randomized Controlled Trial,gates_provide
EUPATH_0036241,PROVIDE Randomized Controlled Trial,gates_provide
EUPATH_0036242,PROVIDE Randomized Controlled Trial,gates_provide
EUPATH_0036243,PROVIDE Randomized Controlled Trial,gates_provide
EUPATH_0036244,PROVIDE Randomized Controlled Trial,gates_provide
EUPATH_0036245,PROVIDE Randomized Controlled Trial,gates_provide
EUPATH_0036246,PROVIDE Randomized Controlled Trial,gates_provide
EUPATH_0036247,PROVIDE Randomized Controlled Trial,gates_provide
EUPATH_0036248,PROVIDE Randomized Controlled Trial,gates_provide
EUPATH_0036249,PROVIDE Randomized Controlled Trial,gates_provide
EUPATH_0036250,PROVIDE Randomized Controlled Trial,gates_provide
EUPATH_0036251,PROVIDE Randomized Controlled Trial,gates_provide
EUPATH_0036252,PROVIDE Randomized Controlled Trial,gates_provide
EUPATH_0036253,PROVIDE Randomized Controlled Trial,gates_provide
EUPATH_0036254,PROVIDE Randomized Controlled Trial,gates_provide
EUPATH_0036255,PROVIDE Randomized Controlled Trial,gates_provide
EUPATH_0036256,PROVIDE Randomized Controlled Trial,gates_provide
EUPATH_0036257,PROVIDE Randomized Controlled Trial,gates_provide
EUPATH_0036258,PROVIDE Randomized Controlled Trial,gates_provide
EUPATH_0036259,PROVIDE Randomized Controlled Trial,gates_provide
EUPATH_0036261,PROVIDE Randomized Controlled Trial,gates_provide
EUPATH_0036262,PROVIDE Randomized Controlled Trial,gates_provide
EUPATH_0036263,PROVIDE Randomized Controlled Trial,gates_provide
EUPATH_0036264,PROVIDE Randomized Controlled Trial,gates_provide
EUPATH_0036265,PROVIDE Randomized Controlled Trial,gates_provide
EUPATH_0036266,PROVIDE Randomized Controlled Trial,gates_provide
EUPATH_0036267,PROVIDE Randomized Controlled Trial,gates_provide
EUPATH_0036268,PROVIDE Randomized Controlled Trial,gates_provide
EUPATH_0036269,PROVIDE Randomized Controlled Trial,gates_provide
EUPATH_0036270,PROVIDE Randomized Controlled Trial,gates_provide
EUPATH_0036271,PROVIDE Randomized Controlled Trial,gates_provide
EUPATH_0036272,PROVIDE Randomized Controlled Trial,gates_provide
EUPATH_0036273,PROVIDE Randomized Controlled Trial,gates_provide
EUPATH_0036274,PROVIDE Randomized Controlled Trial,gates_provide
EUPATH_0036275,PROVIDE Randomized Controlled Trial,gates_provide
EUPATH_0036276,PROVIDE Randomized Controlled Trial,gates_provide
EUPATH_0036277,PROVIDE Randomized Controlled Trial,gates_provide
EUPATH_0036278,PROVIDE Randomized Controlled Trial,gates_provide
EUPATH_0036279,PROVIDE Randomized Controlled Trial,gates_provide
EUPATH_0036280,PROVIDE Randomized Controlled Trial,gates_provide
EUPATH_0036281,PROVIDE Randomized Controlled Trial,gates_provide
EUPATH_0036282,PROVIDE Randomized Controlled Trial,gates_provide
EUPATH_0036283,PROVIDE Randomized Controlled Trial,gates_provide
EUPATH_0036284,PROVIDE Randomized Controlled Trial,gates_provide
EUPATH_0036285,PROVIDE Randomized Controlled Trial,gates_provide
EUPATH_0036286,PROVIDE Randomized Controlled Trial,gates_provide
EUPATH_0036287,PROVIDE Randomized Controlled Trial,gates_provide
EUPATH_0036288,PROVIDE Randomized Controlled Trial,gates_provide
EUPATH_0036289,PROVIDE Randomized Controlled Trial,gates_provide
EUPATH_0036290,PROVIDE Randomized Controlled Trial,gates_provide
EUPATH_0036291,PROVIDE Randomized Controlled Trial,gates_provide
EUPATH_0036292,PROVIDE Randomized Controlled Trial,gates_provide
EUPATH_0036293,PROVIDE Randomized Controlled Trial,gates_provide
EUPATH_0036294,PROVIDE Randomized Controlled Trial,gates_provide
EUPATH_0036295,PROVIDE Randomized Controlled Trial,gates_provide
EUPATH_0036296,PROVIDE Randomized Controlled Trial,gates_provide
EUPATH_0036297,PROVIDE Randomized Controlled Trial,gates_provide
EUPATH_0036298,PROVIDE Randomized Controlled Trial,gates_provide
EUPATH_0036299,PROVIDE Randomized Controlled Trial,gates_provide
EUPATH_0036300,PROVIDE Randomized Controlled Trial,gates_provide
EUPATH_0036301,PROVIDE Randomized Controlled Trial,gates_provide
EUPATH_0036302,PROVIDE Randomized Controlled Trial,gates_provide
EUPATH_0036303,PROVIDE Randomized Controlled Trial,gates_provide
EUPATH_0036304,PROVIDE Randomized Controlled Trial,gates_provide
EUPATH_0036305,PROVIDE Randomized Controlled Trial,gates_provide
EUPATH_0036306,PROVIDE Randomized Controlled Trial,gates_provide
EUPATH_0036307,PROVIDE Randomized Controlled Trial,gates_provide
EUPATH_0036308,PROVIDE Randomized Controlled Trial,gates_provide
EUPATH_0036309,PROVIDE Randomized Controlled Trial,gates_provide
EUPATH_0036310,PROVIDE Randomized Controlled Trial,gates_provide
EUPATH_0036311,PROVIDE Randomized Controlled Trial,gates_provide
EUPATH_0036312,PROVIDE Randomized Controlled Trial,gates_provide
EUPATH_0036313,PROVIDE Randomized Controlled Trial,gates_provide
EUPATH_0036314,PROVIDE Randomized Controlled Trial,gates_provide
EUPATH_0036315,PROVIDE Randomized Controlled Trial,gates_provide
EUPATH_0036316,PROVIDE Randomized Controlled Trial,gates_provide
EUPATH_0036318,PROVIDE Randomized Controlled Trial,gates_provide
EUPATH_0036319,PROVIDE Randomized Controlled Trial,gates_provide
EUPATH_0036320,PROVIDE Randomized Controlled Trial,gates_provide
EUPATH_0036321,PROVIDE Randomized Controlled Trial,gates_provide
EUPATH_0036322,PROVIDE Randomized Controlled Trial,gates_provide
EUPATH_0036323,PROVIDE Randomized Controlled Trial,gates_provide
EUPATH_0036324,PROVIDE Randomized Controlled Trial,gates_provide
EUPATH_0036325,PROVIDE Randomized Controlled Trial,gates_provide
EUPATH_0036326,PROVIDE Randomized Controlled Trial,gates_provide
EUPATH_0036327,PROVIDE Randomized Controlled Trial,gates_provide
EUPATH_0036328,PROVIDE Randomized Controlled Trial,gates_provide
EUPATH_0036329,PROVIDE Randomized Controlled Trial,gates_provide
EUPATH_0036330,PROVIDE Randomized Controlled Trial,gates_provide
EUPATH_0036331,PROVIDE Randomized Controlled Trial,gates_provide
EUPATH_0036332,PROVIDE Randomized Controlled Trial,gates_provide
EUPATH_0036333,PROVIDE Randomized Controlled Trial,gates_provide
EUPATH_0036334,PROVIDE Randomized Controlled Trial,gates_provide
EUPATH_0036335,PROVIDE Randomized Controlled Trial,gates_provide
EUPATH_0036336,PROVIDE Randomized Controlled Trial,gates_provide
EUPATH_0036337,PROVIDE Randomized Controlled Trial,gates_provide
EUPATH_0036340,PROVIDE Randomized Controlled Trial,gates_provide
EUPATH_0036341,PROVIDE Randomized Controlled Trial,gates_provide
EUPATH_0036342,PROVIDE Randomized Controlled Trial,gates_provide
EUPATH_0036343,PROVIDE Randomized Controlled Trial,gates_provide
EUPATH_0036344,PROVIDE Randomized Controlled Trial,gates_provide
EUPATH_0036345,PROVIDE Randomized Controlled Trial,gates_provide
EUPATH_0036346,PROVIDE Randomized Controlled Trial,gates_provide
EUPATH_0036347,PROVIDE Randomized Controlled Trial,gates_provide
EUPATH_0036348,GAMIN RCT,gates_gamin
EUPATH_0036348,PROVIDE Randomized Controlled Trial,gates_provide
EUPATH_0036349,PROVIDE Randomized Controlled Trial,gates_provide
EUPATH_0036350,PROVIDE Randomized Controlled Trial,gates_provide
EUPATH_0036351,PROVIDE Randomized Controlled Trial,gates_provide
EUPATH_0036352,PROVIDE Randomized Controlled Trial,gates_provide
EUPATH_0036353,PROVIDE Randomized Controlled Trial,gates_provide
EUPATH_0036354,PROVIDE Randomized Controlled Trial,gates_provide
EUPATH_0036355,PROVIDE Randomized Controlled Trial,gates_provide
EUPATH_0036356,PROVIDE Randomized Controlled Trial,gates_provide
EUPATH_0036357,PROVIDE Randomized Controlled Trial,gates_provide
EUPATH_0036358,PROVIDE Randomized Controlled Trial,gates_provide
EUPATH_0036359,PROVIDE Randomized Controlled Trial,gates_provide
EUPATH_0036360,PROVIDE Randomized Controlled Trial,gates_provide
EUPATH_0036361,PROVIDE Randomized Controlled Trial,gates_provide
EUPATH_0036363,PROVIDE Randomized Controlled Trial,gates_provide
EUPATH_0036369,PROVIDE Randomized Controlled Trial,gates_provide
EUPATH_0036370,PROVIDE Randomized Controlled Trial,gates_provide
EUPATH_0036371,PROVIDE Randomized Controlled Trial,gates_provide
EUPATH_0036386,PROVIDE Randomized Controlled Trial,gates_provide
EUPATH_0036387,PROVIDE Randomized Controlled Trial,gates_provide
EUPATH_0036388,PROVIDE Randomized Controlled Trial,gates_provide
EUPATH_0036389,PROVIDE Randomized Controlled Trial,gates_provide
EUPATH_0036390,PROVIDE Randomized Controlled Trial,gates_provide
EUPATH_0036391,PROVIDE Randomized Controlled Trial,gates_provide
EUPATH_0036392,PROVIDE Randomized Controlled Trial,gates_provide
EUPATH_0036393,PROVIDE Randomized Controlled Trial,gates_provide
EUPATH_0036395,PROVIDE Randomized Controlled Trial,gates_provide
EUPATH_0036397,PROVIDE Randomized Controlled Trial,gates_provide
EUPATH_0036398,PROVIDE Randomized Controlled Trial,gates_provide
EUPATH_0036399,PROVIDE Randomized Controlled Trial,gates_provide
EUPATH_0036400,PROVIDE Randomized Controlled Trial,gates_provide
EUPATH_0036401,PROVIDE Randomized Controlled Trial,gates_provide
EUPATH_0036402,PROVIDE Randomized Controlled Trial,gates_provide
EUPATH_0036403,PROVIDE Randomized Controlled Trial,gates_provide
EUPATH_0036405,PROVIDE Randomized Controlled Trial,gates_provide
EUPATH_0036406,PROVIDE Randomized Controlled Trial,gates_provide
EUPATH_0036408,PROVIDE Randomized Controlled Trial,gates_provide
EUPATH_0036409,PROVIDE Randomized Controlled Trial,gates_provide
EUPATH_0036409,SIP,gates_sip
EUPATH_0036410,PROVIDE Randomized Controlled Trial,gates_provide
EUPATH_0036411,PROVIDE Randomized Controlled Trial,gates_provide
EUPATH_0036412,PROVIDE Randomized Controlled Trial,gates_provide
EUPATH_0036413,PROVIDE Randomized Controlled Trial,gates_provide
EUPATH_0036413,SIP,gates_sip
EUPATH_0036414,PROVIDE Randomized Controlled Trial,gates_provide
EUPATH_0036414,SIP,gates_sip
EUPATH_0036415,PROVIDE Randomized Controlled Trial,gates_provide
EUPATH_0036416,PROVIDE Randomized Controlled Trial,gates_provide
EUPATH_0036417,PROVIDE Randomized Controlled Trial,gates_provide
EUPATH_0036418,PROVIDE Randomized Controlled Trial,gates_provide
EUPATH_0036419,PROVIDE Randomized Controlled Trial,gates_provide
EUPATH_0036420,PROVIDE Randomized Controlled Trial,gates_provide
EUPATH_0036421,PROVIDE Randomized Controlled Trial,gates_provide
EUPATH_0036422,PROVIDE Randomized Controlled Trial,gates_provide
EUPATH_0036423,PROVIDE Randomized Controlled Trial,gates_provide
EUPATH_0036424,PROVIDE Randomized Controlled Trial,gates_provide
EUPATH_0036425,PROVIDE Randomized Controlled Trial,gates_provide
EUPATH_0036426,PROVIDE Randomized Controlled Trial,gates_provide
EUPATH_0036427,PROVIDE Randomized Controlled Trial,gates_provide
EUPATH_0036428,PROVIDE Randomized Controlled Trial,gates_provide
EUPATH_0036429,PROVIDE Randomized Controlled Trial,gates_provide
EUPATH_0036430,PROVIDE Randomized Controlled Trial,gates_provide
EUPATH_0036431,PROVIDE Randomized Controlled Trial,gates_provide
EUPATH_0036432,PROVIDE Randomized Controlled Trial,gates_provide
EUPATH_0036433,PROVIDE Randomized Controlled Trial,gates_provide
EUPATH_0036434,PROVIDE Randomized Controlled Trial,gates_provide
EUPATH_0036435,PROVIDE Randomized Controlled Trial,gates_provide
EUPATH_0036436,PROVIDE Randomized Controlled Trial,gates_provide
EUPATH_0036437,PROVIDE Randomized Controlled Trial,gates_provide
EUPATH_0036438,PROVIDE Randomized Controlled Trial,gates_provide
EUPATH_0036439,PROVIDE Randomized Controlled Trial,gates_provide
EUPATH_0036440,PROVIDE Randomized Controlled Trial,gates_provide
EUPATH_0036441,PROVIDE Randomized Controlled Trial,gates_provide
EUPATH_0036442,PROVIDE Randomized Controlled Trial,gates_provide
EUPATH_0036443,PROVIDE Randomized Controlled Trial,gates_provide
EUPATH_0036444,PROVIDE Randomized Controlled Trial,gates_provide
EUPATH_0036445,PROVIDE Randomized Controlled Trial,gates_provide
EUPATH_0036446,PROVIDE Randomized Controlled Trial,gates_provide
EUPATH_0036447,PROVIDE Randomized Controlled Trial,gates_provide
EUPATH_0036448,PROVIDE Randomized Controlled Trial,gates_provide
EUPATH_0036449,PROVIDE Randomized Controlled Trial,gates_provide
EUPATH_0036450,PROVIDE Randomized Controlled Trial,gates_provide
EUPATH_0036451,PROVIDE Randomized Controlled Trial,gates_provide
EUPATH_0036452,PROVIDE Randomized Controlled Trial,gates_provide
EUPATH_0036453,PROVIDE Randomized Controlled Trial,gates_provide
EUPATH_0036454,PROVIDE Randomized Controlled Trial,gates_provide
EUPATH_0036455,PROVIDE Randomized Controlled Trial,gates_provide
EUPATH_0036456,PROVIDE Randomized Controlled Trial,gates_provide
EUPATH_0036457,PROVIDE Randomized Controlled Trial,gates_provide
EUPATH_0036458,PROVIDE Randomized Controlled Trial,gates_provide
EUPATH_0036459,PROVIDE Randomized Controlled Trial,gates_provide
EUPATH_0036460,PROVIDE Randomized Controlled Trial,gates_provide
EUPATH_0036461,PROVIDE Randomized Controlled Trial,gates_provide
EUPATH_0036462,PROVIDE Randomized Controlled Trial,gates_provide
EUPATH_0036463,PROVIDE Randomized Controlled Trial,gates_provide
EUPATH_0036464,PROVIDE Randomized Controlled Trial,gates_provide
EUPATH_0036465,PROVIDE Randomized Controlled Trial,gates_provide
EUPATH_0036466,PROVIDE Randomized Controlled Trial,gates_provide
EUPATH_0036467,PROVIDE Randomized Controlled Trial,gates_provide
EUPATH_0036468,PROVIDE Randomized Controlled Trial,gates_provide
EUPATH_0036469,PROVIDE Randomized Controlled Trial,gates_provide
EUPATH_0036470,PROVIDE Randomized Controlled Trial,gates_provide
EUPATH_0036471,PROVIDE Randomized Controlled Trial,gates_provide
EUPATH_0036472,PROVIDE Randomized Controlled Trial,gates_provide
EUPATH_0036473,PROVIDE Randomized Controlled Trial,gates_provide
EUPATH_0036474,PROVIDE Randomized Controlled Trial,gates_provide
EUPATH_0036475,PROVIDE Randomized Controlled Trial,gates_provide
EUPATH_0036476,PROVIDE Randomized Controlled Trial,gates_provide
EUPATH_0036477,PROVIDE Randomized Controlled Trial,gates_provide
EUPATH_0036478,PROVIDE Randomized Controlled Trial,gates_provide
EUPATH_0036479,PROVIDE Randomized Controlled Trial,gates_provide
EUPATH_0036480,PROVIDE Randomized Controlled Trial,gates_provide
EUPATH_0036481,PROVIDE Randomized Controlled Trial,gates_provide
EUPATH_0036482,PROVIDE Randomized Controlled Trial,gates_provide
EUPATH_0036483,PROVIDE Randomized Controlled Trial,gates_provide
EUPATH_0036484,PROVIDE Randomized Controlled Trial,gates_provide
EUPATH_0036485,PROVIDE Randomized Controlled Trial,gates_provide
EUPATH_0036486,PROVIDE Randomized Controlled Trial,gates_provide
EUPATH_0036487,PROVIDE Randomized Controlled Trial,gates_provide
EUPATH_0036488,PROVIDE Randomized Controlled Trial,gates_provide
EUPATH_0036489,PROVIDE Randomized Controlled Trial,gates_provide
EUPATH_0036491,PROVIDE Randomized Controlled Trial,gates_provide
EUPATH_0036492,PROVIDE Randomized Controlled Trial,gates_provide
EUPATH_0036493,ELICIT,gates_elicit
EUPATH_0036493,GAMIN RCT,gates_gamin
EUPATH_0036493,PROVIDE Randomized Controlled Trial,gates_provide
EUPATH_0036493,SIP,gates_sip
EUPATH_0036493,VIDA Case Control,gates_vida
EUPATH_0036494,PROVIDE Randomized Controlled Trial,gates_provide
EUPATH_0036495,PROVIDE Randomized Controlled Trial,gates_provide
EUPATH_0036496,PROVIDE Randomized Controlled Trial,gates_provide
EUPATH_0036497,PROVIDE Randomized Controlled Trial,gates_provide
EUPATH_0036498,PROVIDE Randomized Controlled Trial,gates_provide
EUPATH_0036499,PROVIDE Randomized Controlled Trial,gates_provide
EUPATH_0036500,PROVIDE Randomized Controlled Trial,gates_provide
EUPATH_0036501,PROVIDE Randomized Controlled Trial,gates_provide
EUPATH_0036502,PROVIDE Randomized Controlled Trial,gates_provide
EUPATH_0036503,PROVIDE Randomized Controlled Trial,gates_provide
EUPATH_0036504,PROVIDE Randomized Controlled Trial,gates_provide
EUPATH_0036505,PROVIDE Randomized Controlled Trial,gates_provide
EUPATH_0036506,PROVIDE Randomized Controlled Trial,gates_provide
EUPATH_0036507,PROVIDE Randomized Controlled Trial,gates_provide
EUPATH_0036508,PROVIDE Randomized Controlled Trial,gates_provide
EUPATH_0036509,PROVIDE Randomized Controlled Trial,gates_provide
EUPATH_0036510,PROVIDE Randomized Controlled Trial,gates_provide
EUPATH_0036511,PROVIDE Randomized Controlled Trial,gates_provide
EUPATH_0036512,PROVIDE Randomized Controlled Trial,gates_provide
EUPATH_0036513,PROVIDE Randomized Controlled Trial,gates_provide
EUPATH_0036514,PROVIDE Randomized Controlled Trial,gates_provide
EUPATH_0036515,PROVIDE Randomized Controlled Trial,gates_provide
EUPATH_0036516,PROVIDE Randomized Controlled Trial,gates_provide
EUPATH_0036517,GANC,gates_ganc
EUPATH_0036517,PROVIDE Randomized Controlled Trial,gates_provide
EUPATH_0036518,PROVIDE Randomized Controlled Trial,gates_provide
EUPATH_0036519,PROVIDE Randomized Controlled Trial,gates_provide
EUPATH_0036520,PROVIDE Randomized Controlled Trial,gates_provide
EUPATH_0036521,PROVIDE Randomized Controlled Trial,gates_provide
EUPATH_0036522,PROVIDE Randomized Controlled Trial,gates_provide
EUPATH_0036523,PROVIDE Randomized Controlled Trial,gates_provide
EUPATH_0036524,PROVIDE Randomized Controlled Trial,gates_provide
EUPATH_0036525,PROVIDE Randomized Controlled Trial,gates_provide
EUPATH_0036526,PROVIDE Randomized Controlled Trial,gates_provide
EUPATH_0036527,PROVIDE Randomized Controlled Trial,gates_provide
EUPATH_0036528,PROVIDE Randomized Controlled Trial,gates_provide
EUPATH_0036529,PROVIDE Randomized Controlled Trial,gates_provide
EUPATH_0036530,PROVIDE Randomized Controlled Trial,gates_provide
EUPATH_0036531,PROVIDE Randomized Controlled Trial,gates_provide
EUPATH_0036532,PROVIDE Randomized Controlled Trial,gates_provide
EUPATH_0036533,PROVIDE Randomized Controlled Trial,gates_provide
EUPATH_0036534,PROVIDE Randomized Controlled Trial,gates_provide
EUPATH_0036535,PROVIDE Randomized Controlled Trial,gates_provide
EUPATH_0036537,PROVIDE Randomized Controlled Trial,gates_provide
EUPATH_0036539,PROVIDE Randomized Controlled Trial,gates_provide
EUPATH_0036541,PROVIDE Randomized Controlled Trial,gates_provide
EUPATH_0036543,PROVIDE Randomized Controlled Trial,gates_provide
EUPATH_0036545,PROVIDE Randomized Controlled Trial,gates_provide
EUPATH_0036547,PROVIDE Randomized Controlled Trial,gates_provide
EUPATH_0036548,PROVIDE Randomized Controlled Trial,gates_provide
EUPATH_0036549,PROVIDE Randomized Controlled Trial,gates_provide
EUPATH_0036550,PROVIDE Randomized Controlled Trial,gates_provide
EUPATH_0036551,PROVIDE Randomized Controlled Trial,gates_provide
EUPATH_0036552,PROVIDE Randomized Controlled Trial,gates_provide
EUPATH_0036553,PROVIDE Randomized Controlled Trial,gates_provide
EUPATH_0036554,PROVIDE Randomized Controlled Trial,gates_provide
EUPATH_0036555,PROVIDE Randomized Controlled Trial,gates_provide
EUPATH_0036556,PROVIDE Randomized Controlled Trial,gates_provide
EUPATH_0036557,PROVIDE Randomized Controlled Trial,gates_provide
EUPATH_0036559,PROVIDE Randomized Controlled Trial,gates_provide
EUPATH_0036560,PROVIDE Randomized Controlled Trial,gates_provide
EUPATH_0036561,PROVIDE Randomized Controlled Trial,gates_provide
EUPATH_0036562,PROVIDE Randomized Controlled Trial,gates_provide
EUPATH_0036563,PROVIDE Randomized Controlled Trial,gates_provide
EUPATH_0036564,PROVIDE Randomized Controlled Trial,gates_provide
EUPATH_0036565,PROVIDE Randomized Controlled Trial,gates_provide
EUPATH_0036566,PROVIDE Randomized Controlled Trial,gates_provide
EUPATH_0036567,PROVIDE Randomized Controlled Trial,gates_provide
EUPATH_0036567,SHINE,gates_shine
EUPATH_0036567,SIP,gates_sip
EUPATH_0036568,PROVIDE Randomized Controlled Trial,gates_provide
EUPATH_0036569,PROVIDE Randomized Controlled Trial,gates_provide
EUPATH_0036570,PROVIDE Randomized Controlled Trial,gates_provide
EUPATH_0036571,PROVIDE Randomized Controlled Trial,gates_provide
EUPATH_0037001,WASH Benefits Kenya Cluster Randomized Trial,gates_washb_kenya
EUPATH_0037004,WASH Benefits Kenya Cluster Randomized Trial,gates_washb_kenya
EUPATH_0037005,WASH Benefits Kenya Cluster Randomized Trial,gates_washb_kenya
EUPATH_0037006,WASH Benefits Kenya Cluster Randomized Trial,gates_washb_kenya
EUPATH_0037007,SHINE,gates_shine
EUPATH_0037007,WASH Benefits Kenya Cluster Randomized Trial,gates_washb_kenya
EUPATH_0037009,WASH Benefits Kenya Cluster Randomized Trial,gates_washb_kenya
EUPATH_0037011,WASHb BNG Cluster Randomized Trial,gates_washb_bangladesh
EUPATH_0037011,WASH Benefits Kenya Cluster Randomized Trial,gates_washb_kenya
EUPATH_0037012,WASHb BNG Cluster Randomized Trial,gates_washb_bangladesh
EUPATH_0037012,WASH Benefits Kenya Cluster Randomized Trial,gates_washb_kenya
EUPATH_0037013,SHINE,gates_shine
EUPATH_0037013,WASH Benefits Kenya Cluster Randomized Trial,gates_washb_kenya
EUPATH_0037014,WASH Benefits Kenya Cluster Randomized Trial,gates_washb_kenya
EUPATH_0037015,WASHb BNG Cluster Randomized Trial,gates_washb_bangladesh
EUPATH_0037015,WASH Benefits Kenya Cluster Randomized Trial,gates_washb_kenya
EUPATH_0037016,WASHb BNG Cluster Randomized Trial,gates_washb_bangladesh
EUPATH_0037016,WASH Benefits Kenya Cluster Randomized Trial,gates_washb_kenya
EUPATH_0037017,WASH Benefits Kenya Cluster Randomized Trial,gates_washb_kenya
EUPATH_0037018,WASH Benefits Kenya Cluster Randomized Trial,gates_washb_kenya
EUPATH_0037019,WASH Benefits Kenya Cluster Randomized Trial,gates_washb_kenya
EUPATH_0037020,WASH Benefits Kenya Cluster Randomized Trial,gates_washb_kenya
EUPATH_0037021,WASH Benefits Kenya Cluster Randomized Trial,gates_washb_kenya
EUPATH_0037022,WASH Benefits Kenya Cluster Randomized Trial,gates_washb_kenya
EUPATH_0037023,WASH Benefits Kenya Cluster Randomized Trial,gates_washb_kenya
EUPATH_0037024,WASH Benefits Kenya Cluster Randomized Trial,gates_washb_kenya
EUPATH_0037025,WASH Benefits Kenya Cluster Randomized Trial,gates_washb_kenya
EUPATH_0037026,WASH Benefits Kenya Cluster Randomized Trial,gates_washb_kenya
EUPATH_0037027,WASH Benefits Kenya Cluster Randomized Trial,gates_washb_kenya
EUPATH_0037028,WASH Benefits Kenya Cluster Randomized Trial,gates_washb_kenya
EUPATH_0037029,WASH Benefits Kenya Cluster Randomized Trial,gates_washb_kenya
EUPATH_0037030,WASH Benefits Kenya Cluster Randomized Trial,gates_washb_kenya
EUPATH_0038001,SIP,gates_sip
EUPATH_0038002,SIP,gates_sip
EUPATH_0038003,SIP,gates_sip
EUPATH_0038004,SIP,gates_sip
EUPATH_0038005,SIP,gates_sip
EUPATH_0038006,SIP,gates_sip
EUPATH_0038007,SIP,gates_sip
EUPATH_0038008,SIP,gates_sip
EUPATH_0038009,SIP,gates_sip
EUPATH_0038010,SIP,gates_sip
EUPATH_0038011,SIP,gates_sip
EUPATH_0038013,SIP,gates_sip
EUPATH_0038014,SIP,gates_sip
EUPATH_0038015,SIP,gates_sip
EUPATH_0038016,SIP,gates_sip
EUPATH_0038018,SIP,gates_sip
EUPATH_0038019,SIP,gates_sip
EUPATH_0038020,SIP,gates_sip
EUPATH_0038021,SIP,gates_sip
EUPATH_0038022,SIP,gates_sip
EUPATH_0038023,SIP,gates_sip
EUPATH_0038024,SIP,gates_sip
EUPATH_0038025,SIP,gates_sip
EUPATH_0038026,SIP,gates_sip
EUPATH_0038027,SIP,gates_sip
EUPATH_0038029,SIP,gates_sip
EUPATH_0038030,SIP,gates_sip
EUPATH_0038031,SIP,gates_sip
EUPATH_0038032,SIP,gates_sip
EUPATH_0038033,SIP,gates_sip
EUPATH_0038034,SIP,gates_sip
EUPATH_0038035,SIP,gates_sip
EUPATH_0038036,SIP,gates_sip
EUPATH_0038037,SIP,gates_sip
EUPATH_0038038,SIP,gates_sip
EUPATH_0038039,SIP,gates_sip
EUPATH_0038040,SIP,gates_sip
EUPATH_0038041,SIP,gates_sip
EUPATH_0038042,SIP,gates_sip
EUPATH_0038043,SIP,gates_sip
EUPATH_0038044,SIP,gates_sip
EUPATH_0038045,SIP,gates_sip
EUPATH_0038046,SIP,gates_sip
EUPATH_0038047,SIP,gates_sip
EUPATH_0038048,SIP,gates_sip
EUPATH_0038055,SIP,gates_sip
EUPATH_0038056,SIP,gates_sip
EUPATH_0038057,SIP,gates_sip
EUPATH_0038058,SIP,gates_sip
EUPATH_0038059,SIP,gates_sip
EUPATH_0038060,SIP,gates_sip
EUPATH_0038061,SIP,gates_sip
EUPATH_0038064,SIP,gates_sip
EUPATH_0038065,SIP,gates_sip
EUPATH_0038066,SIP,gates_sip
EUPATH_0038067,SIP,gates_sip
EUPATH_0038068,SIP,gates_sip
EUPATH_0038069,SIP,gates_sip
EUPATH_0038070,SIP,gates_sip
EUPATH_0038071,SIP,gates_sip
EUPATH_0038072,SIP,gates_sip
EUPATH_0038073,SIP,gates_sip
EUPATH_0038074,SIP,gates_sip
EUPATH_0038075,SIP,gates_sip
EUPATH_0038076,SIP,gates_sip
EUPATH_0038077,SIP,gates_sip
EUPATH_0038078,SIP,gates_sip
EUPATH_0038079,SIP,gates_sip
EUPATH_0038080,SIP,gates_sip
EUPATH_0038081,SIP,gates_sip
EUPATH_0038082,SIP,gates_sip
EUPATH_0038083,SIP,gates_sip
EUPATH_0038084,SIP,gates_sip
EUPATH_0038085,SIP,gates_sip
EUPATH_0038086,SIP,gates_sip
EUPATH_0038087,SIP,gates_sip
EUPATH_0038088,SIP,gates_sip
EUPATH_0038089,SIP,gates_sip
EUPATH_0038090,SIP,gates_sip
EUPATH_0038091,SIP,gates_sip
EUPATH_0038092,SIP,gates_sip
EUPATH_0038093,SIP,gates_sip
EUPATH_0038094,SIP,gates_sip
EUPATH_0038095,SIP,gates_sip
EUPATH_0038096,SIP,gates_sip
EUPATH_0038097,SIP,gates_sip
EUPATH_0038098,SIP,gates_sip
EUPATH_0038099,SIP,gates_sip
EUPATH_0038100,SIP,gates_sip
EUPATH_0038101,SIP,gates_sip
EUPATH_0038102,SIP,gates_sip
EUPATH_0038103,SIP,gates_sip
EUPATH_0038104,SIP,gates_sip
EUPATH_0038105,SIP,gates_sip
EUPATH_0038106,SIP,gates_sip
EUPATH_0038107,SIP,gates_sip
EUPATH_0038108,SIP,gates_sip
EUPATH_0038109,SIP,gates_sip
EUPATH_0038110,SIP,gates_sip
EUPATH_0038111,SIP,gates_sip
EUPATH_0038112,SIP,gates_sip
EUPATH_0038113,SIP,gates_sip
EUPATH_0038114,SIP,gates_sip
EUPATH_0038121,SIP,gates_sip
EUPATH_0038124,SIP,gates_sip
EUPATH_0038125,SIP,gates_sip
EUPATH_0038126,SIP,gates_sip
EUPATH_0038127,SIP,gates_sip
EUPATH_0038128,SIP,gates_sip
EUPATH_0038129,SIP,gates_sip
EUPATH_0038131,SIP,gates_sip
EUPATH_0038132,SIP,gates_sip
EUPATH_0038133,SIP,gates_sip
EUPATH_0038134,SIP,gates_sip
EUPATH_0038135,SIP,gates_sip
EUPATH_0038136,SIP,gates_sip
EUPATH_0038137,SIP,gates_sip
EUPATH_0038138,SIP,gates_sip
EUPATH_0038139,SIP,gates_sip
EUPATH_0038140,SIP,gates_sip
EUPATH_0038141,SIP,gates_sip
EUPATH_0038142,SIP,gates_sip
EUPATH_0038143,SIP,gates_sip
EUPATH_0038144,SIP,gates_sip
EUPATH_0038145,SIP,gates_sip
EUPATH_0038146,SIP,gates_sip
EUPATH_0038147,SIP,gates_sip
EUPATH_0038148,SIP,gates_sip
EUPATH_0038149,SIP,gates_sip
EUPATH_0038150,SIP,gates_sip
EUPATH_0038151,SIP,gates_sip
EUPATH_0038152,SIP,gates_sip
EUPATH_0038153,SIP,gates_sip
EUPATH_0038154,SIP,gates_sip
EUPATH_0038155,SIP,gates_sip
EUPATH_0038156,SIP,gates_sip
EUPATH_0038157,SIP,gates_sip
EUPATH_0038158,SIP,gates_sip
EUPATH_0038159,SIP,gates_sip
EUPATH_0038160,SIP,gates_sip
EUPATH_0038161,SIP,gates_sip
EUPATH_0038162,SIP,gates_sip
EUPATH_0038163,SIP,gates_sip
EUPATH_0038164,SIP,gates_sip
EUPATH_0038165,SIP,gates_sip
EUPATH_0038166,SIP,gates_sip
EUPATH_0038167,SIP,gates_sip
EUPATH_0038168,SIP,gates_sip
EUPATH_0038169,SIP,gates_sip
EUPATH_0038170,SIP,gates_sip
EUPATH_0038171,SIP,gates_sip
EUPATH_0038172,SIP,gates_sip
EUPATH_0038173,SIP,gates_sip
EUPATH_0038174,SIP,gates_sip
EUPATH_0038175,SIP,gates_sip
EUPATH_0038176,SIP,gates_sip
EUPATH_0038177,SIP,gates_sip
EUPATH_0038178,SIP,gates_sip
EUPATH_0038179,SIP,gates_sip
EUPATH_0038180,SIP,gates_sip
EUPATH_0038181,SIP,gates_sip
EUPATH_0038182,SIP,gates_sip
EUPATH_0038183,SIP,gates_sip
EUPATH_0038184,SIP,gates_sip
EUPATH_0038185,SIP,gates_sip
EUPATH_0038186,SIP,gates_sip
EUPATH_0038187,SIP,gates_sip
EUPATH_0038188,SIP,gates_sip
EUPATH_0038189,SIP,gates_sip
EUPATH_0038190,SIP,gates_sip
EUPATH_0038191,SIP,gates_sip
EUPATH_0038192,SIP,gates_sip
EUPATH_0038193,SIP,gates_sip
EUPATH_0038194,SIP,gates_sip
EUPATH_0038195,SIP,gates_sip
EUPATH_0038197,SIP,gates_sip
EUPATH_0038198,SIP,gates_sip
EUPATH_0038199,SIP,gates_sip
EUPATH_0038200,SIP,gates_sip
EUPATH_0038201,SIP,gates_sip
EUPATH_0038202,SIP,gates_sip
EUPATH_0038203,SIP,gates_sip
EUPATH_0038204,SIP,gates_sip
EUPATH_0038205,SIP,gates_sip
EUPATH_0038206,SIP,gates_sip
EUPATH_0038207,SIP,gates_sip
EUPATH_0038208,SIP,gates_sip
EUPATH_0038209,SIP,gates_sip
EUPATH_0038210,SIP,gates_sip
EUPATH_0038211,SIP,gates_sip
EUPATH_0038212,SIP,gates_sip
EUPATH_0038213,SIP,gates_sip
EUPATH_0038214,SIP,gates_sip
EUPATH_0038215,SIP,gates_sip
EUPATH_0038216,SIP,gates_sip
EUPATH_0038217,SIP,gates_sip
EUPATH_0038218,SIP,gates_sip
EUPATH_0038219,SIP,gates_sip
EUPATH_0038220,SIP,gates_sip
EUPATH_0038221,SIP,gates_sip
EUPATH_0038222,SIP,gates_sip
EUPATH_0038223,SIP,gates_sip
EUPATH_0038224,SIP,gates_sip
EUPATH_0038225,SIP,gates_sip
EUPATH_0038226,SIP,gates_sip
EUPATH_0038227,SIP,gates_sip
EUPATH_0038228,SIP,gates_sip
EUPATH_0038229,SIP,gates_sip
EUPATH_0038230,SIP,gates_sip
EUPATH_0038231,SIP,gates_sip
EUPATH_0038232,SIP,gates_sip
EUPATH_0038233,SIP,gates_sip
EUPATH_0038234,SIP,gates_sip
EUPATH_0038235,SIP,gates_sip
EUPATH_0038236,SIP,gates_sip
EUPATH_0038237,SIP,gates_sip
EUPATH_0038238,SIP,gates_sip
EUPATH_0038239,SIP,gates_sip
EUPATH_0038240,SIP,gates_sip
EUPATH_0038241,SIP,gates_sip
EUPATH_0038242,SIP,gates_sip
EUPATH_0038243,SIP,gates_sip
EUPATH_0038244,SIP,gates_sip
EUPATH_0038245,SIP,gates_sip
EUPATH_0038246,SIP,gates_sip
EUPATH_0038247,SIP,gates_sip
EUPATH_0038248,SIP,gates_sip
EUPATH_0038249,SIP,gates_sip
EUPATH_0038250,SIP,gates_sip
EUPATH_0038251,SIP,gates_sip
EUPATH_0038252,SIP,gates_sip
EUPATH_0038253,SIP,gates_sip
EUPATH_0038254,SIP,gates_sip
EUPATH_0038255,SIP,gates_sip
EUPATH_0038256,SIP,gates_sip
EUPATH_0038257,SIP,gates_sip
EUPATH_0038258,SIP,gates_sip
EUPATH_0038259,SIP,gates_sip
EUPATH_0038260,SIP,gates_sip
EUPATH_0038261,SIP,gates_sip
EUPATH_0038262,SIP,gates_sip
EUPATH_0038263,SIP,gates_sip
EUPATH_0038264,SIP,gates_sip
EUPATH_0038265,SIP,gates_sip
EUPATH_0038266,SIP,gates_sip
EUPATH_0038267,SIP,gates_sip
EUPATH_0038268,SIP,gates_sip
EUPATH_0038269,SIP,gates_sip
EUPATH_0038270,SIP,gates_sip
EUPATH_0038271,SIP,gates_sip
EUPATH_0038272,SIP,gates_sip
EUPATH_0038273,SIP,gates_sip
EUPATH_0038274,SIP,gates_sip
EUPATH_0038275,SIP,gates_sip
EUPATH_0038276,SIP,gates_sip
EUPATH_0038277,SIP,gates_sip
EUPATH_0038278,SIP,gates_sip
EUPATH_0038279,SIP,gates_sip
EUPATH_0038280,SIP,gates_sip
EUPATH_0038281,SIP,gates_sip
EUPATH_0038282,SIP,gates_sip
EUPATH_0038283,SIP,gates_sip
EUPATH_0038284,SIP,gates_sip
EUPATH_0038285,SIP,gates_sip
EUPATH_0038286,SIP,gates_sip
EUPATH_0038287,SIP,gates_sip
EUPATH_0038288,SIP,gates_sip
EUPATH_0038289,SIP,gates_sip
EUPATH_0038290,SIP,gates_sip
EUPATH_0038291,SIP,gates_sip
EUPATH_0038292,SIP,gates_sip
EUPATH_0038293,SIP,gates_sip
EUPATH_0038294,SIP,gates_sip
EUPATH_0038295,SIP,gates_sip
EUPATH_0038296,SIP,gates_sip
EUPATH_0038297,SIP,gates_sip
EUPATH_0038298,SIP,gates_sip
EUPATH_0038299,SIP,gates_sip
EUPATH_0038300,SIP,gates_sip
EUPATH_0038301,SIP,gates_sip
EUPATH_0038302,SIP,gates_sip
EUPATH_0038303,SIP,gates_sip
EUPATH_0038304,SIP,gates_sip
EUPATH_0038305,SIP,gates_sip
EUPATH_0038306,Preventing Congenital Syphilis,gates_pcs
EUPATH_0038306,SIP,gates_sip
EUPATH_0038307,SIP,gates_sip
EUPATH_0038308,SIP,gates_sip
EUPATH_0038309,SIP,gates_sip
EUPATH_0038310,SIP,gates_sip
EUPATH_0038311,SIP,gates_sip
EUPATH_0038312,SIP,gates_sip
EUPATH_0038313,SIP,gates_sip
EUPATH_0038314,SIP,gates_sip
EUPATH_0038315,SIP,gates_sip
EUPATH_0038316,SIP,gates_sip
EUPATH_0038317,SIP,gates_sip
EUPATH_0038318,SIP,gates_sip
EUPATH_0038319,SIP,gates_sip
EUPATH_0038320,SIP,gates_sip
EUPATH_0038321,SIP,gates_sip
EUPATH_0038322,SIP,gates_sip
EUPATH_0038324,SIP,gates_sip
EUPATH_0038325,SIP,gates_sip
EUPATH_0038326,SIP,gates_sip
EUPATH_0038327,SIP,gates_sip
EUPATH_0038328,SIP,gates_sip
EUPATH_0038329,SIP,gates_sip
EUPATH_0038330,SIP,gates_sip
EUPATH_0038331,SIP,gates_sip
EUPATH_0038332,SIP,gates_sip
EUPATH_0038333,SIP,gates_sip
EUPATH_0038334,SIP,gates_sip
EUPATH_0038335,SIP,gates_sip
EUPATH_0038336,SIP,gates_sip
EUPATH_0038337,SIP,gates_sip
EUPATH_0038338,SIP,gates_sip
EUPATH_0038339,SIP,gates_sip
EUPATH_0038340,SIP,gates_sip
EUPATH_0038341,SIP,gates_sip
EUPATH_0038342,SIP,gates_sip
EUPATH_0038343,SIP,gates_sip
EUPATH_0038344,SIP,gates_sip
EUPATH_0038345,SIP,gates_sip
EUPATH_0038346,SIP,gates_sip
EUPATH_0038347,SIP,gates_sip
EUPATH_0038348,SIP,gates_sip
EUPATH_0038349,SIP,gates_sip
EUPATH_0038350,SIP,gates_sip
EUPATH_0038351,SIP,gates_sip
EUPATH_0038352,SIP,gates_sip
EUPATH_0038353,SIP,gates_sip
EUPATH_0038354,SIP,gates_sip
EUPATH_0038355,SIP,gates_sip
EUPATH_0038356,SIP,gates_sip
EUPATH_0038357,SIP,gates_sip
EUPATH_0038358,SIP,gates_sip
EUPATH_0038359,SIP,gates_sip
EUPATH_0038360,SIP,gates_sip
EUPATH_0038361,SIP,gates_sip
EUPATH_0038362,SIP,gates_sip
EUPATH_0038363,SIP,gates_sip
EUPATH_0038364,SIP,gates_sip
EUPATH_0038365,SIP,gates_sip
EUPATH_0038366,SIP,gates_sip
EUPATH_0038367,SIP,gates_sip
EUPATH_0038368,SIP,gates_sip
EUPATH_0038369,SIP,gates_sip
EUPATH_0038370,SIP,gates_sip
EUPATH_0038371,SIP,gates_sip
EUPATH_0038372,SIP,gates_sip
EUPATH_0038373,SIP,gates_sip
EUPATH_0038374,SIP,gates_sip
EUPATH_0038375,SIP,gates_sip
EUPATH_0038376,SIP,gates_sip
EUPATH_0038377,SIP,gates_sip
EUPATH_0038378,SIP,gates_sip
EUPATH_0038379,SIP,gates_sip
EUPATH_0038380,SIP,gates_sip
EUPATH_0038381,SIP,gates_sip
EUPATH_0038382,SIP,gates_sip
EUPATH_0038383,SIP,gates_sip
EUPATH_0038384,SIP,gates_sip
EUPATH_0038385,SIP,gates_sip
EUPATH_0038386,SIP,gates_sip
EUPATH_0038387,SIP,gates_sip
EUPATH_0038388,SIP,gates_sip
EUPATH_0038389,SIP,gates_sip
EUPATH_0038390,SIP,gates_sip
EUPATH_0038391,SIP,gates_sip
EUPATH_0038392,SIP,gates_sip
EUPATH_0038393,SIP,gates_sip
EUPATH_0038394,SIP,gates_sip
EUPATH_0038395,SIP,gates_sip
EUPATH_0038396,SIP,gates_sip
EUPATH_0038397,SIP,gates_sip
EUPATH_0038398,GAMIN RCT,gates_gamin
EUPATH_0038398,SIP,gates_sip
EUPATH_0038398,South Asia ICEMR Surveillance,icemr_south_asia
EUPATH_0038399,SIP,gates_sip
EUPATH_0038400,SIP,gates_sip
EUPATH_0038401,SIP,gates_sip
EUPATH_0038402,SIP,gates_sip
EUPATH_0038403,SIP,gates_sip
EUPATH_0038404,SIP,gates_sip
EUPATH_0038405,SIP,gates_sip
EUPATH_0038406,SIP,gates_sip
EUPATH_0038407,SIP,gates_sip
EUPATH_0038408,SIP,gates_sip
EUPATH_0038409,SIP,gates_sip
EUPATH_0038410,SIP,gates_sip
EUPATH_0038411,SIP,gates_sip
EUPATH_0038412,SIP,gates_sip
EUPATH_0038413,SIP,gates_sip
EUPATH_0038414,SIP,gates_sip
EUPATH_0038415,SIP,gates_sip
EUPATH_0038416,SIP,gates_sip
EUPATH_0038417,SIP,gates_sip
EUPATH_0038418,SIP,gates_sip
EUPATH_0038419,SIP,gates_sip
EUPATH_0038420,SIP,gates_sip
EUPATH_0038421,SIP,gates_sip
EUPATH_0038422,SIP,gates_sip
EUPATH_0038423,SIP,gates_sip
EUPATH_0038424,SIP,gates_sip
EUPATH_0038425,SIP,gates_sip
EUPATH_0038426,SIP,gates_sip
EUPATH_0038427,SIP,gates_sip
EUPATH_0038428,SIP,gates_sip
EUPATH_0038429,SIP,gates_sip
EUPATH_0038430,SIP,gates_sip
EUPATH_0038431,SIP,gates_sip
EUPATH_0038432,SIP,gates_sip
EUPATH_0038433,SIP,gates_sip
EUPATH_0038434,SIP,gates_sip
EUPATH_0038435,SIP,gates_sip
EUPATH_0038436,SIP,gates_sip
EUPATH_0038437,SIP,gates_sip
EUPATH_0038438,Preventing Congenital Syphilis,gates_pcs
EUPATH_0038438,SIP,gates_sip
EUPATH_0038439,SIP,gates_sip
EUPATH_0038440,SIP,gates_sip
EUPATH_0038441,SIP,gates_sip
EUPATH_0038442,SIP,gates_sip
EUPATH_0038443,SIP,gates_sip
EUPATH_0038444,SIP,gates_sip
EUPATH_0038445,SIP,gates_sip
EUPATH_0038446,SIP,gates_sip
EUPATH_0038447,SIP,gates_sip
EUPATH_0038448,SIP,gates_sip
EUPATH_0038449,SIP,gates_sip
EUPATH_0038450,SIP,gates_sip
EUPATH_0038451,SIP,gates_sip
EUPATH_0038452,SIP,gates_sip
EUPATH_0038453,SIP,gates_sip
EUPATH_0038454,SIP,gates_sip
EUPATH_0038455,SIP,gates_sip
EUPATH_0038456,SIP,gates_sip
EUPATH_0038457,SIP,gates_sip
EUPATH_0038458,SIP,gates_sip
EUPATH_0038459,SIP,gates_sip
EUPATH_0038460,SIP,gates_sip
EUPATH_0038461,SIP,gates_sip
EUPATH_0038462,SIP,gates_sip
EUPATH_0038463,SIP,gates_sip
EUPATH_0038464,SIP,gates_sip
EUPATH_0038465,SIP,gates_sip
EUPATH_0038466,SIP,gates_sip
EUPATH_0038467,SIP,gates_sip
EUPATH_0038468,SIP,gates_sip
EUPATH_0038469,SIP,gates_sip
EUPATH_0038470,SIP,gates_sip
EUPATH_0038471,SIP,gates_sip
EUPATH_0038472,SIP,gates_sip
EUPATH_0038473,SIP,gates_sip
EUPATH_0038474,SIP,gates_sip
EUPATH_0038475,SIP,gates_sip
EUPATH_0038476,SIP,gates_sip
EUPATH_0038477,SIP,gates_sip
EUPATH_0038478,SIP,gates_sip
EUPATH_0038479,SIP,gates_sip
EUPATH_0038480,SIP,gates_sip
EUPATH_0038481,SIP,gates_sip
EUPATH_0038482,SIP,gates_sip
EUPATH_0038483,SIP,gates_sip
EUPATH_0038484,SIP,gates_sip
EUPATH_0038485,SIP,gates_sip
EUPATH_0038486,SIP,gates_sip
EUPATH_0038487,SIP,gates_sip
EUPATH_0038488,SIP,gates_sip
EUPATH_0038489,SIP,gates_sip
EUPATH_0038490,SIP,gates_sip
EUPATH_0038491,SIP,gates_sip
EUPATH_0038492,SIP,gates_sip
EUPATH_0038493,SIP,gates_sip
EUPATH_0038494,SIP,gates_sip
EUPATH_0038495,SIP,gates_sip
EUPATH_0038496,SIP,gates_sip
EUPATH_0038497,SIP,gates_sip
EUPATH_0038498,SIP,gates_sip
EUPATH_0038499,SIP,gates_sip
EUPATH_0038500,SIP,gates_sip
EUPATH_0038501,SIP,gates_sip
EUPATH_0038502,SIP,gates_sip
EUPATH_0038503,SIP,gates_sip
EUPATH_0038504,SIP,gates_sip
EUPATH_0038505,SIP,gates_sip
EUPATH_0038506,SIP,gates_sip
EUPATH_0038507,SIP,gates_sip
EUPATH_0038508,SIP,gates_sip
EUPATH_0038509,SIP,gates_sip
EUPATH_0038510,SIP,gates_sip
EUPATH_0038511,SIP,gates_sip
EUPATH_0038512,SIP,gates_sip
EUPATH_0038513,SIP,gates_sip
EUPATH_0038514,SIP,gates_sip
EUPATH_0038515,SIP,gates_sip
EUPATH_0038516,SIP,gates_sip
EUPATH_0038517,SIP,gates_sip
EUPATH_0038518,SIP,gates_sip
EUPATH_0038519,SIP,gates_sip
EUPATH_0038520,SIP,gates_sip
EUPATH_0038521,SIP,gates_sip
EUPATH_0038522,SIP,gates_sip
EUPATH_0038523,SIP,gates_sip
EUPATH_0038524,SIP,gates_sip
EUPATH_0038525,SIP,gates_sip
EUPATH_0038526,SIP,gates_sip
EUPATH_0038527,SIP,gates_sip
EUPATH_0038528,SIP,gates_sip
EUPATH_0038529,SIP,gates_sip
EUPATH_0038530,SIP,gates_sip
EUPATH_0038531,SIP,gates_sip
EUPATH_0038532,SIP,gates_sip
EUPATH_0038533,SIP,gates_sip
EUPATH_0038534,SIP,gates_sip
EUPATH_0038535,SIP,gates_sip
EUPATH_0038536,SIP,gates_sip
EUPATH_0038537,SIP,gates_sip
EUPATH_0038538,SIP,gates_sip
EUPATH_0038539,SIP,gates_sip
EUPATH_0038540,SIP,gates_sip
EUPATH_0038541,SIP,gates_sip
EUPATH_0038542,SIP,gates_sip
EUPATH_0038543,SIP,gates_sip
EUPATH_0038544,SIP,gates_sip
EUPATH_0038545,SIP,gates_sip
EUPATH_0038546,SIP,gates_sip
EUPATH_0038547,SIP,gates_sip
EUPATH_0038548,SIP,gates_sip
EUPATH_0038549,SIP,gates_sip
EUPATH_0038550,SIP,gates_sip
EUPATH_0038551,SIP,gates_sip
EUPATH_0038552,SIP,gates_sip
EUPATH_0038553,SIP,gates_sip
EUPATH_0038554,SIP,gates_sip
EUPATH_0038555,SIP,gates_sip
EUPATH_0038556,SIP,gates_sip
EUPATH_0038557,SIP,gates_sip
EUPATH_0038558,SIP,gates_sip
EUPATH_0038559,SIP,gates_sip
EUPATH_0038560,SIP,gates_sip
EUPATH_0038561,SIP,gates_sip
EUPATH_0038562,SIP,gates_sip
EUPATH_0038563,SIP,gates_sip
EUPATH_0038564,SIP,gates_sip
EUPATH_0038565,SIP,gates_sip
EUPATH_0038566,SIP,gates_sip
EUPATH_0038567,SIP,gates_sip
EUPATH_0038568,SIP,gates_sip
EUPATH_0038569,SIP,gates_sip
EUPATH_0038570,SIP,gates_sip
EUPATH_0038571,SIP,gates_sip
EUPATH_0038573,SIP,gates_sip
EUPATH_0038574,SIP,gates_sip
EUPATH_0038575,SIP,gates_sip
EUPATH_0038576,SIP,gates_sip
EUPATH_0038577,SIP,gates_sip
EUPATH_0038578,SIP,gates_sip
EUPATH_0038579,SIP,gates_sip
EUPATH_0038580,SIP,gates_sip
EUPATH_0038581,SIP,gates_sip
EUPATH_0038582,SIP,gates_sip
EUPATH_0038583,SIP,gates_sip
EUPATH_0038584,SIP,gates_sip
EUPATH_0038585,SIP,gates_sip
EUPATH_0038586,SIP,gates_sip
EUPATH_0038587,SIP,gates_sip
EUPATH_0038588,SIP,gates_sip
EUPATH_0038589,SIP,gates_sip
EUPATH_0038590,SIP,gates_sip
EUPATH_0038591,SIP,gates_sip
EUPATH_0038592,SIP,gates_sip
EUPATH_0038593,SIP,gates_sip
EUPATH_0038594,SIP,gates_sip
EUPATH_0038595,SIP,gates_sip
EUPATH_0038596,SIP,gates_sip
EUPATH_0038597,SIP,gates_sip
EUPATH_0038598,SIP,gates_sip
EUPATH_0038599,SIP,gates_sip
EUPATH_0038600,SIP,gates_sip
EUPATH_0038601,SIP,gates_sip
EUPATH_0038602,SIP,gates_sip
EUPATH_0038603,SIP,gates_sip
EUPATH_0038604,SIP,gates_sip
EUPATH_0038605,SIP,gates_sip
EUPATH_0038606,SIP,gates_sip
EUPATH_0038607,SIP,gates_sip
EUPATH_0038608,SIP,gates_sip
EUPATH_0038609,SIP,gates_sip
EUPATH_0038610,SIP,gates_sip
EUPATH_0038611,SIP,gates_sip
EUPATH_0038612,SIP,gates_sip
EUPATH_0038613,SIP,gates_sip
EUPATH_0038614,SIP,gates_sip
EUPATH_0038615,SIP,gates_sip
EUPATH_0038616,SIP,gates_sip
EUPATH_0038617,SIP,gates_sip
EUPATH_0038618,SIP,gates_sip
EUPATH_0038619,SIP,gates_sip
EUPATH_0038620,SIP,gates_sip
EUPATH_0038621,SIP,gates_sip
EUPATH_0038622,SIP,gates_sip
EUPATH_0038623,SIP,gates_sip
EUPATH_0038624,SIP,gates_sip
EUPATH_0038625,SIP,gates_sip
EUPATH_0038626,SIP,gates_sip
EUPATH_0038627,SIP,gates_sip
EUPATH_0038628,SIP,gates_sip
EUPATH_0038629,SIP,gates_sip
EUPATH_0038630,SIP,gates_sip
EUPATH_0038631,SIP,gates_sip
EUPATH_0038632,SIP,gates_sip
EUPATH_0038633,SIP,gates_sip
EUPATH_0038634,SIP,gates_sip
EUPATH_0038635,SIP,gates_sip
EUPATH_0038636,SIP,gates_sip
EUPATH_0038637,SIP,gates_sip
EUPATH_0038638,SIP,gates_sip
EUPATH_0038639,SIP,gates_sip
EUPATH_0038640,SIP,gates_sip
EUPATH_0038641,SIP,gates_sip
EUPATH_0038642,SIP,gates_sip
EUPATH_0038643,SIP,gates_sip
EUPATH_0038644,SIP,gates_sip
EUPATH_0038645,SIP,gates_sip
EUPATH_0038646,SIP,gates_sip
EUPATH_0038647,SIP,gates_sip
EUPATH_0038648,SIP,gates_sip
EUPATH_0038649,SIP,gates_sip
EUPATH_0038650,SIP,gates_sip
EUPATH_0038651,SIP,gates_sip
EUPATH_0038652,SIP,gates_sip
EUPATH_0038653,SIP,gates_sip
EUPATH_0038654,SIP,gates_sip
EUPATH_0038655,SIP,gates_sip
EUPATH_0038656,SIP,gates_sip
EUPATH_0038657,SIP,gates_sip
EUPATH_0038658,SIP,gates_sip
EUPATH_0038660,SIP,gates_sip
EUPATH_0038661,SIP,gates_sip
EUPATH_0038662,SIP,gates_sip
EUPATH_0038663,SIP,gates_sip
EUPATH_0038664,SIP,gates_sip
EUPATH_0038665,SIP,gates_sip
EUPATH_0038666,SIP,gates_sip
EUPATH_0038667,SIP,gates_sip
EUPATH_0038668,SIP,gates_sip
EUPATH_0038669,SIP,gates_sip
EUPATH_0038671,SIP,gates_sip
EUPATH_0038672,SIP,gates_sip
EUPATH_0038673,SIP,gates_sip
EUPATH_0038674,SIP,gates_sip
EUPATH_0038675,SIP,gates_sip
EUPATH_0038676,SIP,gates_sip
EUPATH_0038677,SIP,gates_sip
EUPATH_0038678,SIP,gates_sip
EUPATH_0038679,SIP,gates_sip
EUPATH_0038680,SIP,gates_sip
EUPATH_0038681,SIP,gates_sip
EUPATH_0038682,SIP,gates_sip
EUPATH_0038683,SIP,gates_sip
EUPATH_0038684,SIP,gates_sip
EUPATH_0038685,SIP,gates_sip
EUPATH_0038686,SIP,gates_sip
EUPATH_0038687,SIP,gates_sip
EUPATH_0038688,SIP,gates_sip
EUPATH_0038689,SIP,gates_sip
EUPATH_0038690,SIP,gates_sip
EUPATH_0038691,SIP,gates_sip
EUPATH_0038692,SIP,gates_sip
EUPATH_0038693,SIP,gates_sip
EUPATH_0038694,SIP,gates_sip
EUPATH_0038695,SIP,gates_sip
EUPATH_0038696,SIP,gates_sip
EUPATH_0038697,SIP,gates_sip
EUPATH_0038698,SIP,gates_sip
EUPATH_0038699,SIP,gates_sip
EUPATH_0038700,SIP,gates_sip
EUPATH_0038701,SIP,gates_sip
EUPATH_0038702,SIP,gates_sip
EUPATH_0038703,SIP,gates_sip
EUPATH_0038704,SIP,gates_sip
EUPATH_0038705,SIP,gates_sip
EUPATH_0038706,SIP,gates_sip
EUPATH_0038707,SIP,gates_sip
EUPATH_0038708,SIP,gates_sip
EUPATH_0038709,SIP,gates_sip
EUPATH_0038710,SIP,gates_sip
EUPATH_0038711,SIP,gates_sip
EUPATH_0038712,SIP,gates_sip
EUPATH_0038713,SIP,gates_sip
EUPATH_0038715,SIP,gates_sip
EUPATH_0038716,ELICIT,gates_elicit
EUPATH_0038716,PROVIDE Randomized Controlled Trial,gates_provide
EUPATH_0038716,SIP,gates_sip
EUPATH_0038717,SIP,gates_sip
EUPATH_0038718,SIP,gates_sip
EUPATH_0038719,SIP,gates_sip
EUPATH_0038720,SIP,gates_sip
EUPATH_0038721,SIP,gates_sip
EUPATH_0038722,SIP,gates_sip
EUPATH_0040001,UMSP Surveillance,general_umsp
EUPATH_0040002,UMSP Surveillance,general_umsp
EUPATH_0040003,UMSP Surveillance,general_umsp
EUPATH_0040004,UMSP Surveillance,general_umsp
EUPATH_0040005,UMSP Surveillance,general_umsp
EUPATH_0040006,UMSP Surveillance,general_umsp
EUPATH_0040007,UMSP Surveillance,general_umsp
EUPATH_0040008,UMSP Surveillance,general_umsp
EUPATH_0040009,UMSP Surveillance,general_umsp
EUPATH_0040010,"avenir,baseline",gates_avenir
EUPATH_0040010,UMSP Surveillance,general_umsp
EUPATH_0040010,India ICEMR Severe P.vivax and falciparum Cohort,icemr_india_severe_malaria
EUPATH_0040011,UMSP Surveillance,general_umsp
EUPATH_0040013,UMSP Surveillance,general_umsp
EUPATH_0040016,PROMOTE BC3 Cohort,general_promote
EUPATH_0040016,UMSP Surveillance,general_umsp
EUPATH_0040017,PROMOTE BC3 Cohort,general_promote
EUPATH_0040017,UMSP Surveillance,general_umsp
EUPATH_0040018,UMSP Surveillance,general_umsp
EUPATH_0040021,UMSP Surveillance,general_umsp
EUPATH_0040021,West Africa ICEMR,icemr_west_africa
EUPATH_0040022,UMSP Surveillance,general_umsp
EUPATH_0041001,SIP,gates_sip
EUPATH_0041001,Kalifabougou,general_kalifabougou
EUPATH_0041002,Kalifabougou,general_kalifabougou
EUPATH_0041003,Kalifabougou,general_kalifabougou
EUPATH_0041004,Kalifabougou,general_kalifabougou
EUPATH_0041005,Kalifabougou,general_kalifabougou
EUPATH_0041006,Kalifabougou,general_kalifabougou
EUPATH_0041007,Kalifabougou,general_kalifabougou
EUPATH_0041008,Kalifabougou,general_kalifabougou
EUPATH_0041009,Kalifabougou,general_kalifabougou
EUPATH_0041010,Kalifabougou,general_kalifabougou
EUPATH_0041011,Kalifabougou,general_kalifabougou
EUPATH_0041012,Kalifabougou,general_kalifabougou
EUPATH_0041013,Kalifabougou,general_kalifabougou
EUPATH_0041014,LLINE UP Cluster Randomized Trial,gates_llineup
EUPATH_0041014,Kalifabougou,general_kalifabougou
EUPATH_0041014,Amazonia ICEMR Brazil Cohort,icemr_amazonia_brazil
EUPATH_0041014,India ICEMR Behavior Cross-sectional,icemr_india_behavior
EUPATH_0041014,India ICEMR Meghalaya Cohort,icemr_india_meghalaya
EUPATH_0041015,Kalifabougou,general_kalifabougou
EUPATH_0041016,Kalifabougou,general_kalifabougou
EUPATH_0041017,Kalifabougou,general_kalifabougou
EUPATH_0041018,Kalifabougou,general_kalifabougou
EUPATH_0041019,PROVIDE Randomized Controlled Trial,gates_provide
EUPATH_0041019,Kalifabougou,general_kalifabougou
EUPATH_0041020,Kalifabougou,general_kalifabougou
EUPATH_0041021,Kalifabougou,general_kalifabougou
EUPATH_0041022,Kalifabougou,general_kalifabougou
EUPATH_0041023,Kalifabougou,general_kalifabougou
EUPATH_0041024,Kalifabougou,general_kalifabougou
EUPATH_0041025,Kalifabougou,general_kalifabougou
EUPATH_0041026,Kalifabougou,general_kalifabougou
EUPATH_0041027,Kalifabougou,general_kalifabougou
EUPATH_0041028,Kalifabougou,general_kalifabougou
EUPATH_0041028,PROMOTE BC3 Cohort,general_promote
EUPATH_0041029,LLINE UP Cluster Randomized Trial,gates_llineup
EUPATH_0041029,Kalifabougou,general_kalifabougou
EUPATH_0041029,India ICEMR Severe P.vivax and falciparum Cohort,icemr_india_severe_malaria
EUPATH_0041033,Kalifabougou,general_kalifabougou
EUPATH_0041034,Kalifabougou,general_kalifabougou
EUPATH_0041035,Kalifabougou,general_kalifabougou
EUPATH_0041036,Kalifabougou,general_kalifabougou
EUPATH_0041037,Kalifabougou,general_kalifabougou
EUPATH_0041038,Kalifabougou,general_kalifabougou
EUPATH_0041040,Kalifabougou,general_kalifabougou
EUPATH_0041041,Kalifabougou,general_kalifabougou
EUPATH_0041042,Kalifabougou,general_kalifabougou
EUPATH_0041043,Kalifabougou,general_kalifabougou
EUPATH_0041044,Kalifabougou,general_kalifabougou
EUPATH_0041045,Kalifabougou,general_kalifabougou
EUPATH_0041046,Kalifabougou,general_kalifabougou
EUPATH_0041047,Kalifabougou,general_kalifabougou
EUPATH_0041048,Kalifabougou,general_kalifabougou
EUPATH_0041049,Kalifabougou,general_kalifabougou
EUPATH_0041050,Kalifabougou,general_kalifabougou
EUPATH_0041051,Kalifabougou,general_kalifabougou
EUPATH_0041052,Kalifabougou,general_kalifabougou
EUPATH_0041053,Kalifabougou,general_kalifabougou
EUPATH_0041054,Kalifabougou,general_kalifabougou
EUPATH_0041055,Kalifabougou,general_kalifabougou
EUPATH_0041056,Kalifabougou,general_kalifabougou
EUPATH_0041058,Kalifabougou,general_kalifabougou
EUPATH_0041059,Kalifabougou,general_kalifabougou
EUPATH_0041060,Kalifabougou,general_kalifabougou
EUPATH_0041060,Amazonia ICEMR Brazil Cohort,icemr_amazonia_brazil
EUPATH_0041060,India ICEMR Severe P.vivax and falciparum Cohort,icemr_india_severe_malaria
EUPATH_0041061,Kalifabougou,general_kalifabougou
EUPATH_0041062,Kalifabougou,general_kalifabougou
EUPATH_0041064,Kalifabougou,general_kalifabougou
EUPATH_0041067,Kalifabougou,general_kalifabougou
EUPATH_0041068,Kalifabougou,general_kalifabougou
EUPATH_0041070,Kalifabougou,general_kalifabougou
EUPATH_0041072,Kalifabougou,general_kalifabougou
EUPATH_0041073,Kalifabougou,general_kalifabougou
EUPATH_0041074,Kalifabougou,general_kalifabougou
EUPATH_0041075,Kalifabougou,general_kalifabougou
EUPATH_0041076,Kalifabougou,general_kalifabougou
EUPATH_0041077,Kalifabougou,general_kalifabougou
EUPATH_0041078,Kalifabougou,general_kalifabougou
EUPATH_0041079,Kalifabougou,general_kalifabougou
EUPATH_0041080,Kalifabougou,general_kalifabougou
EUPATH_0041080,Myanmar ICEMR,icemr_myanmar
EUPATH_0041083,SIP,gates_sip
EUPATH_0041083,Kalifabougou,general_kalifabougou
EUPATH_0041084,SIP,gates_sip
EUPATH_0041084,Kalifabougou,general_kalifabougou
EUPATH_0041085,Kalifabougou,general_kalifabougou
EUPATH_0041086,Kalifabougou,general_kalifabougou
EUPATH_0041087,Kalifabougou,general_kalifabougou
EUPATH_0041088,SIP,gates_sip
EUPATH_0041088,Kalifabougou,general_kalifabougou
EUPATH_0041089,Kalifabougou,general_kalifabougou
EUPATH_0041090,SIP,gates_sip
EUPATH_0041090,Kalifabougou,general_kalifabougou
EUPATH_0041091,Kalifabougou,general_kalifabougou
EUPATH_0041092,Kalifabougou,general_kalifabougou
EUPATH_0041092,India ICEMR Severe P.vivax and falciparum Cohort,icemr_india_severe_malaria
EUPATH_0041093,SIP,gates_sip
EUPATH_0041093,Kalifabougou,general_kalifabougou
EUPATH_0041094,Kalifabougou,general_kalifabougou
EUPATH_0041095,Kalifabougou,general_kalifabougou
EUPATH_0041096,Kalifabougou,general_kalifabougou
EUPATH_0041097,Kalifabougou,general_kalifabougou
EUPATH_0041098,Kalifabougou,general_kalifabougou
EUPATH_0041099,SIP,gates_sip
EUPATH_0041099,Kalifabougou,general_kalifabougou
EUPATH_0041100,Kalifabougou,general_kalifabougou
EUPATH_0041101,Kalifabougou,general_kalifabougou
EUPATH_0041102,Kalifabougou,general_kalifabougou
EUPATH_0041103,Kalifabougou,general_kalifabougou
EUPATH_0041104,Kalifabougou,general_kalifabougou
EUPATH_0041105,Kalifabougou,general_kalifabougou
EUPATH_0041106,Kalifabougou,general_kalifabougou
EUPATH_0041107,Kalifabougou,general_kalifabougou
EUPATH_0041108,Kalifabougou,general_kalifabougou
EUPATH_0041109,Kalifabougou,general_kalifabougou
EUPATH_0041110,Kalifabougou,general_kalifabougou
EUPATH_0041111,Kalifabougou,general_kalifabougou
EUPATH_0041112,Kalifabougou,general_kalifabougou
EUPATH_0041113,Kalifabougou,general_kalifabougou
EUPATH_0041114,Kalifabougou,general_kalifabougou
EUPATH_0041116,Kalifabougou,general_kalifabougou
EUPATH_0041117,Kalifabougou,general_kalifabougou
EUPATH_0041118,Kalifabougou,general_kalifabougou
EUPATH_0041119,Kalifabougou,general_kalifabougou
EUPATH_0041120,Kalifabougou,general_kalifabougou
EUPATH_0041121,Kalifabougou,general_kalifabougou
EUPATH_0041122,Kalifabougou,general_kalifabougou
EUPATH_0041123,Kalifabougou,general_kalifabougou
EUPATH_0041124,Kalifabougou,general_kalifabougou
EUPATH_0041125,Kalifabougou,general_kalifabougou
EUPATH_0041126,Kalifabougou,general_kalifabougou
EUPATH_0041127,Kalifabougou,general_kalifabougou
EUPATH_0041128,Kalifabougou,general_kalifabougou
EUPATH_0041129,Kalifabougou,general_kalifabougou
EUPATH_0041130,Kalifabougou,general_kalifabougou
EUPATH_0041132,Kalifabougou,general_kalifabougou
EUPATH_0041133,Kalifabougou,general_kalifabougou
EUPATH_0041134,Kalifabougou,general_kalifabougou
EUPATH_0041135,Kalifabougou,general_kalifabougou
EUPATH_0041136,Kalifabougou,general_kalifabougou
EUPATH_0041137,Kalifabougou,general_kalifabougou
EUPATH_0041138,Kalifabougou,general_kalifabougou
EUPATH_0041139,Kalifabougou,general_kalifabougou
EUPATH_0041140,Kalifabougou,general_kalifabougou
EUPATH_0041141,Kalifabougou,general_kalifabougou
EUPATH_0041142,Kalifabougou,general_kalifabougou
EUPATH_0041143,SIP,gates_sip
EUPATH_0041143,Kalifabougou,general_kalifabougou
EUPATH_0041144,Kalifabougou,general_kalifabougou
EUPATH_0041145,Kalifabougou,general_kalifabougou
EUPATH_0041146,Kalifabougou,general_kalifabougou
EUPATH_0041147,Kalifabougou,general_kalifabougou
EUPATH_0041148,Kalifabougou,general_kalifabougou
EUPATH_0041149,Kalifabougou,general_kalifabougou
EUPATH_0041151,Kalifabougou,general_kalifabougou
EUPATH_0041154,PROVIDE Randomized Controlled Trial,gates_provide
EUPATH_0041154,Kalifabougou,general_kalifabougou
EUPATH_0041155,PROVIDE Randomized Controlled Trial,gates_provide
EUPATH_0041155,Kalifabougou,general_kalifabougou
EUPATH_0041156,PROVIDE Randomized Controlled Trial,gates_provide
EUPATH_0041156,Kalifabougou,general_kalifabougou
EUPATH_0041157,PROVIDE Randomized Controlled Trial,gates_provide
EUPATH_0041157,Kalifabougou,general_kalifabougou
EUPATH_0041158,PROVIDE Randomized Controlled Trial,gates_provide
EUPATH_0041158,Kalifabougou,general_kalifabougou
EUPATH_0041159,Kalifabougou,general_kalifabougou
EUPATH_0041160,Kalifabougou,general_kalifabougou
EUPATH_0041161,Kalifabougou,general_kalifabougou
EUPATH_0041162,Kalifabougou,general_kalifabougou
EUPATH_0041163,Kalifabougou,general_kalifabougou
EUPATH_0041164,Kalifabougou,general_kalifabougou
EUPATH_0041165,Kalifabougou,general_kalifabougou
EUPATH_0041166,Kalifabougou,general_kalifabougou
EUPATH_0041167,Kalifabougou,general_kalifabougou
EUPATH_0041168,PROVIDE Randomized Controlled Trial,gates_provide
EUPATH_0041168,Kalifabougou,general_kalifabougou
EUPATH_0041169,PROVIDE Randomized Controlled Trial,gates_provide
EUPATH_0041169,Kalifabougou,general_kalifabougou
EUPATH_0041170,PROVIDE Randomized Controlled Trial,gates_provide
EUPATH_0041170,Kalifabougou,general_kalifabougou
EUPATH_0041171,Kalifabougou,general_kalifabougou
EUPATH_0041172,Kalifabougou,general_kalifabougou
EUPATH_0041173,Kalifabougou,general_kalifabougou
EUPATH_0041174,Kalifabougou,general_kalifabougou
EUPATH_0041175,Kalifabougou,general_kalifabougou
EUPATH_0041176,Kalifabougou,general_kalifabougou
EUPATH_0041177,Kalifabougou,general_kalifabougou
EUPATH_0041178,Kalifabougou,general_kalifabougou
EUPATH_0041179,Kalifabougou,general_kalifabougou
EUPATH_0041180,Kalifabougou,general_kalifabougou
EUPATH_0041181,Kalifabougou,general_kalifabougou
EUPATH_0041182,Kalifabougou,general_kalifabougou
EUPATH_0041183,Kalifabougou,general_kalifabougou
EUPATH_0041184,Kalifabougou,general_kalifabougou
EUPATH_0041185,Kalifabougou,general_kalifabougou
EUPATH_0041186,Kalifabougou,general_kalifabougou
EUPATH_0041187,Kalifabougou,general_kalifabougou
EUPATH_0041188,Kalifabougou,general_kalifabougou
EUPATH_0042001,GANC,gates_ganc
EUPATH_0042001,SHINE,gates_shine
EUPATH_0042001,SIP,gates_sip
EUPATH_0042001,PROMOTE BC3 Cohort,general_promote
EUPATH_0042002,GANC,gates_ganc
EUPATH_0042002,Preventing Congenital Syphilis,gates_pcs
EUPATH_0042002,PROVIDE Randomized Controlled Trial,gates_provide
EUPATH_0042002,SHINE,gates_shine
EUPATH_0042002,SIP,gates_sip
EUPATH_0042002,WASHb BNG Cluster Randomized Trial,gates_washb_bangladesh
EUPATH_0042002,Kalifabougou,general_kalifabougou
EUPATH_0042002,PROMOTE BC3 Cohort,general_promote
EUPATH_0042002,Amazonia ICEMR Peru Cohort,icemr_amazonia_peru
EUPATH_0042002,India ICEMR DAMaN,icemr_india_daman
EUPATH_0042002,India ICEMR Meghalaya Cohort,icemr_india_meghalaya
EUPATH_0042002,India ICEMR Severe P.vivax and falciparum Cohort,icemr_india_severe_malaria
EUPATH_0042002,Myanmar ICEMR,icemr_myanmar
EUPATH_0042002,PRISM2 ICEMR Cohort,icemr_prism2
EUPATH_0042002,PRISM2 ICEMR Border Cohort,icemr_prism2_border_cohort
EUPATH_0042002,Southern Africa ICEMR Cross-sectional,icemr_southern_africa
EUPATH_0042002,West Africa ICEMR,icemr_west_africa
EUPATH_0042003,GANC,gates_ganc
EUPATH_0042003,PROMOTE BC3 Cohort,general_promote
EUPATH_0042004,GANC,gates_ganc
EUPATH_0042004,Preventing Congenital Syphilis,gates_pcs
EUPATH_0042004,SIP,gates_sip
EUPATH_0042004,PROMOTE BC3 Cohort,general_promote
EUPATH_0042004,India ICEMR DAMaN,icemr_india_daman
EUPATH_0042004,India ICEMR Meghalaya Cohort,icemr_india_meghalaya
EUPATH_0042004,PRISM2 ICEMR Cohort,icemr_prism2
EUPATH_0042004,PRISM2 ICEMR Border Cohort,icemr_prism2_border_cohort
EUPATH_0042006,PROMOTE BC3 Cohort,general_promote
EUPATH_0042007,PROMOTE BC3 Cohort,general_promote
EUPATH_0042008,PROMOTE BC3 Cohort,general_promote
EUPATH_0042009,PROMOTE BC3 Cohort,general_promote
EUPATH_0042010,PROMOTE BC3 Cohort,general_promote
EUPATH_0042011,PROMOTE BC3 Cohort,general_promote
EUPATH_0042012,PROMOTE BC3 Cohort,general_promote
EUPATH_0042013,PROMOTE BC3 Cohort,general_promote
EUPATH_0042014,PROMOTE BC3 Cohort,general_promote
EUPATH_0042015,PROMOTE BC3 Cohort,general_promote
EUPATH_0042016,PROMOTE BC3 Cohort,general_promote
EUPATH_0042017,PROMOTE BC3 Cohort,general_promote
EUPATH_0042018,PROMOTE BC3 Cohort,general_promote
EUPATH_0042019,PROMOTE BC3 Cohort,general_promote
EUPATH_0042020,PROMOTE BC3 Cohort,general_promote
EUPATH_0042021,PROMOTE BC3 Cohort,general_promote
EUPATH_0042022,PROMOTE BC3 Cohort,general_promote
EUPATH_0042023,PROMOTE BC3 Cohort,general_promote
EUPATH_0042024,PROMOTE BC3 Cohort,general_promote
EUPATH_0042025,PROMOTE BC3 Cohort,general_promote
EUPATH_0042026,PROMOTE BC3 Cohort,general_promote
EUPATH_0042027,PROMOTE BC3 Cohort,general_promote
EUPATH_0042028,PROMOTE BC3 Cohort,general_promote
EUPATH_0042029,PROMOTE BC3 Cohort,general_promote
EUPATH_0042030,PROMOTE BC3 Cohort,general_promote
EUPATH_0042033,PROMOTE BC3 Cohort,general_promote
EUPATH_0042035,PROMOTE BC3 Cohort,general_promote
EUPATH_0042036,PROMOTE BC3 Cohort,general_promote
EUPATH_0042037,PROMOTE BC3 Cohort,general_promote
EUPATH_0042038,PROMOTE BC3 Cohort,general_promote
EUPATH_0042039,PROMOTE BC3 Cohort,general_promote
EUPATH_0042040,PROMOTE BC3 Cohort,general_promote
EUPATH_0042042,PROMOTE BC3 Cohort,general_promote
EUPATH_0042043,SHINE,gates_shine
EUPATH_0042043,SIP,gates_sip
EUPATH_0042043,PROMOTE BC3 Cohort,general_promote
EUPATH_0042044,Preventing Congenital Syphilis,gates_pcs
EUPATH_0042044,PROMOTE BC3 Cohort,general_promote
EUPATH_0042045,PROMOTE BC3 Cohort,general_promote
EUPATH_0042048,PROMOTE BC3 Cohort,general_promote
EUPATH_0042049,PROMOTE BC3 Cohort,general_promote
EUPATH_0042050,PROMOTE BC3 Cohort,general_promote
EUPATH_0042051,PROMOTE BC3 Cohort,general_promote
EUPATH_0042052,PROMOTE BC3 Cohort,general_promote
EUPATH_0042053,PROMOTE BC3 Cohort,general_promote
EUPATH_0042054,PROMOTE BC3 Cohort,general_promote
EUPATH_0042055,PROMOTE BC3 Cohort,general_promote
EUPATH_0042056,PROMOTE BC3 Cohort,general_promote
EUPATH_0042057,PROMOTE BC3 Cohort,general_promote
EUPATH_0042058,PROMOTE BC3 Cohort,general_promote
EUPATH_0042059,PROMOTE BC3 Cohort,general_promote
EUPATH_0042060,GANC,gates_ganc
EUPATH_0042060,SHINE,gates_shine
EUPATH_0042060,PROMOTE BC3 Cohort,general_promote
EUPATH_0042061,SIP,gates_sip
EUPATH_0042061,PROMOTE BC3 Cohort,general_promote
EUPATH_0042063,GAMIN RCT,gates_gamin
EUPATH_0042063,PROMOTE BC3 Cohort,general_promote
EUPATH_0042064,PROMOTE BC3 Cohort,general_promote
EUPATH_0042065,PROMOTE BC3 Cohort,general_promote
EUPATH_0042066,PROMOTE BC3 Cohort,general_promote
EUPATH_0042067,GANC,gates_ganc
EUPATH_0042067,PROMOTE BC3 Cohort,general_promote
EUPATH_0042068,PROMOTE BC3 Cohort,general_promote
EUPATH_0042069,PROMOTE BC3 Cohort,general_promote
EUPATH_0042070,PROMOTE BC3 Cohort,general_promote
EUPATH_0042071,PROMOTE BC3 Cohort,general_promote
EUPATH_0042072,PROMOTE BC3 Cohort,general_promote
EUPATH_0042073,PROMOTE BC3 Cohort,general_promote
EUPATH_0042074,PROMOTE BC3 Cohort,general_promote
EUPATH_0042075,PROMOTE BC3 Cohort,general_promote
EUPATH_0042076,PROMOTE BC3 Cohort,general_promote
EUPATH_0042077,PROMOTE BC3 Cohort,general_promote
EUPATH_0042078,PROMOTE BC3 Cohort,general_promote
EUPATH_0042079,PROMOTE BC3 Cohort,general_promote
EUPATH_0042080,PROMOTE BC3 Cohort,general_promote
EUPATH_0042081,PROMOTE BC3 Cohort,general_promote
EUPATH_0042082,PROMOTE BC3 Cohort,general_promote
EUPATH_0042083,PROMOTE BC3 Cohort,general_promote
EUPATH_0042084,PROMOTE BC3 Cohort,general_promote
EUPATH_0042085,PROMOTE BC3 Cohort,general_promote
EUPATH_0042087,SIP,gates_sip
EUPATH_0042087,PROMOTE BC3 Cohort,general_promote
EUPATH_0042088,PROMOTE BC3 Cohort,general_promote
EUPATH_0042089,PROMOTE BC3 Cohort,general_promote
EUPATH_0042090,PROMOTE BC3 Cohort,general_promote
EUPATH_0042091,PROMOTE BC3 Cohort,general_promote
EUPATH_0042092,PROMOTE BC3 Cohort,general_promote
EUPATH_0042093,PROMOTE BC3 Cohort,general_promote
EUPATH_0042094,PROMOTE BC3 Cohort,general_promote
EUPATH_0042095,PROMOTE BC3 Cohort,general_promote
EUPATH_0042096,PROMOTE BC3 Cohort,general_promote
EUPATH_0042097,PROMOTE BC3 Cohort,general_promote
EUPATH_0042098,PROMOTE BC3 Cohort,general_promote
EUPATH_0042099,SIP,gates_sip
EUPATH_0042099,PROMOTE BC3 Cohort,general_promote
EUPATH_0042100,PROMOTE BC3 Cohort,general_promote
EUPATH_0042101,PROMOTE BC3 Cohort,general_promote
EUPATH_0042102,PROMOTE BC3 Cohort,general_promote
EUPATH_0042103,SIP,gates_sip
EUPATH_0042103,PROMOTE BC3 Cohort,general_promote
EUPATH_0042104,PROMOTE BC3 Cohort,general_promote
EUPATH_0042105,PROMOTE BC3 Cohort,general_promote
EUPATH_0042106,PROMOTE BC3 Cohort,general_promote
EUPATH_0042107,PROMOTE BC3 Cohort,general_promote
EUPATH_0042108,PROMOTE BC3 Cohort,general_promote
EUPATH_0042109,PROMOTE BC3 Cohort,general_promote
EUPATH_0042110,PROMOTE BC3 Cohort,general_promote
EUPATH_0042111,PROMOTE BC3 Cohort,general_promote
EUPATH_0042112,PROMOTE BC3 Cohort,general_promote
EUPATH_0042113,PROMOTE BC3 Cohort,general_promote
EUPATH_0042114,PROMOTE BC3 Cohort,general_promote
EUPATH_0042115,PROMOTE BC3 Cohort,general_promote
EUPATH_0042116,PROMOTE BC3 Cohort,general_promote
EUPATH_0042117,PROMOTE BC3 Cohort,general_promote
EUPATH_0042118,PROMOTE BC3 Cohort,general_promote
EUPATH_0042119,PROMOTE BC3 Cohort,general_promote
EUPATH_0042120,PROMOTE BC3 Cohort,general_promote
EUPATH_0042121,PROMOTE BC3 Cohort,general_promote
EUPATH_0042122,PROMOTE BC3 Cohort,general_promote
EUPATH_0042123,PROMOTE BC3 Cohort,general_promote
EUPATH_0042124,PROMOTE BC3 Cohort,general_promote
EUPATH_0042125,PROMOTE BC3 Cohort,general_promote
EUPATH_0042126,PROMOTE BC3 Cohort,general_promote
EUPATH_0042127,PROMOTE BC3 Cohort,general_promote
EUPATH_0042128,PROMOTE BC3 Cohort,general_promote
EUPATH_0042129,PROMOTE BC3 Cohort,general_promote
EUPATH_0042130,Preventing Congenital Syphilis,gates_pcs
EUPATH_0042130,PROMOTE BC3 Cohort,general_promote
EUPATH_0042131,PROMOTE BC3 Cohort,general_promote
EUPATH_0042132,PROMOTE BC3 Cohort,general_promote
EUPATH_0042133,PROMOTE BC3 Cohort,general_promote
EUPATH_0042134,PROMOTE BC3 Cohort,general_promote
EUPATH_0042135,PROMOTE BC3 Cohort,general_promote
EUPATH_0042136,PROMOTE BC3 Cohort,general_promote
EUPATH_0042137,PROMOTE BC3 Cohort,general_promote
EUPATH_0042138,PROMOTE BC3 Cohort,general_promote
EUPATH_0042139,PROMOTE BC3 Cohort,general_promote
EUPATH_0042140,PROMOTE BC3 Cohort,general_promote
EUPATH_0042141,PROMOTE BC3 Cohort,general_promote
EUPATH_0042142,PROMOTE BC3 Cohort,general_promote
EUPATH_0042143,PROMOTE BC3 Cohort,general_promote
EUPATH_0042144,PROMOTE BC3 Cohort,general_promote
EUPATH_0042145,PROMOTE BC3 Cohort,general_promote
EUPATH_0042146,PROMOTE BC3 Cohort,general_promote
EUPATH_0042147,PROMOTE BC3 Cohort,general_promote
EUPATH_0042148,PROMOTE BC3 Cohort,general_promote
EUPATH_0042149,PROMOTE BC3 Cohort,general_promote
EUPATH_0042150,PROMOTE BC3 Cohort,general_promote
EUPATH_0042151,PROMOTE BC3 Cohort,general_promote
EUPATH_0042152,Preventing Congenital Syphilis,gates_pcs
EUPATH_0042152,SIP,gates_sip
EUPATH_0042152,PROMOTE BC3 Cohort,general_promote
EUPATH_0042153,Preventing Congenital Syphilis,gates_pcs
EUPATH_0042153,PROMOTE BC3 Cohort,general_promote
EUPATH_0042154,PROMOTE BC3 Cohort,general_promote
EUPATH_0042155,PROMOTE BC3 Cohort,general_promote
EUPATH_0042156,PROMOTE BC3 Cohort,general_promote
EUPATH_0042157,PROMOTE BC3 Cohort,general_promote
EUPATH_0042158,PROMOTE BC3 Cohort,general_promote
EUPATH_0042159,PROMOTE BC3 Cohort,general_promote
EUPATH_0042160,PROMOTE BC3 Cohort,general_promote
EUPATH_0042161,GAMIN RCT,gates_gamin
EUPATH_0042161,Preventing Congenital Syphilis,gates_pcs
EUPATH_0042161,PERCH Case Control,gates_perch
EUPATH_0042161,PROMOTE BC3 Cohort,general_promote
EUPATH_0042161,Amazonia ICEMR Brazil Cohort,icemr_amazonia_brazil
EUPATH_0042161,India ICEMR DAMaN,icemr_india_daman
EUPATH_0042162,PROMOTE BC3 Cohort,general_promote
EUPATH_0042163,PROMOTE BC3 Cohort,general_promote
EUPATH_0042164,PROMOTE BC3 Cohort,general_promote
EUPATH_0042165,PROMOTE BC3 Cohort,general_promote
EUPATH_0042166,PROMOTE BC3 Cohort,general_promote
EUPATH_0042167,PROMOTE BC3 Cohort,general_promote
EUPATH_0042168,PROMOTE BC3 Cohort,general_promote
EUPATH_0042169,PROMOTE BC3 Cohort,general_promote
EUPATH_0042170,PROMOTE BC3 Cohort,general_promote
EUPATH_0042171,PROMOTE BC3 Cohort,general_promote
EUPATH_0042171,Malawi ICEMR Case-Control,icemr_malawi
EUPATH_0042172,ELICIT,gates_elicit
EUPATH_0042173,PROMOTE BC3 Cohort,general_promote
EUPATH_0042175,PROMOTE BC3 Cohort,general_promote
EUPATH_0042176,PROMOTE BC3 Cohort,general_promote
EUPATH_0042177,PROMOTE BC3 Cohort,general_promote
EUPATH_0042178,PROMOTE BC3 Cohort,general_promote
EUPATH_0042179,PROMOTE BC3 Cohort,general_promote
EUPATH_0042180,PROMOTE BC3 Cohort,general_promote
EUPATH_0042181,PROMOTE BC3 Cohort,general_promote
EUPATH_0042182,PROMOTE BC3 Cohort,general_promote
EUPATH_0042183,PROMOTE BC3 Cohort,general_promote
EUPATH_0042184,PROMOTE BC3 Cohort,general_promote
EUPATH_0042185,PROMOTE BC3 Cohort,general_promote
EUPATH_0042186,PROMOTE BC3 Cohort,general_promote
EUPATH_0042189,PROMOTE BC3 Cohort,general_promote
EUPATH_0042190,PROMOTE BC3 Cohort,general_promote
EUPATH_0042191,PROMOTE BC3 Cohort,general_promote
EUPATH_0042192,PROMOTE BC3 Cohort,general_promote
EUPATH_0042193,PROMOTE BC3 Cohort,general_promote
EUPATH_0042194,PROMOTE BC3 Cohort,general_promote
EUPATH_0042195,PROMOTE BC3 Cohort,general_promote
EUPATH_0042196,PROMOTE BC3 Cohort,general_promote
EUPATH_0042197,PROMOTE BC3 Cohort,general_promote
EUPATH_0042198,PROMOTE BC3 Cohort,general_promote
EUPATH_0042199,PROMOTE BC3 Cohort,general_promote
EUPATH_0042200,PROMOTE BC3 Cohort,general_promote
EUPATH_0042201,PROMOTE BC3 Cohort,general_promote
EUPATH_0042202,PROMOTE BC3 Cohort,general_promote
EUPATH_0042203,PROMOTE BC3 Cohort,general_promote
EUPATH_0042204,PROMOTE BC3 Cohort,general_promote
EUPATH_0042205,PROMOTE BC3 Cohort,general_promote
EUPATH_0042206,PROMOTE BC3 Cohort,general_promote
EUPATH_0042207,PROMOTE BC3 Cohort,general_promote
EUPATH_0042208,PROMOTE BC3 Cohort,general_promote
EUPATH_0042209,PROMOTE BC3 Cohort,general_promote
EUPATH_0042210,PROMOTE BC3 Cohort,general_promote
EUPATH_0042211,PROMOTE BC3 Cohort,general_promote
EUPATH_0042212,PROMOTE BC3 Cohort,general_promote
EUPATH_0042213,PROMOTE BC3 Cohort,general_promote
EUPATH_0042214,PROMOTE BC3 Cohort,general_promote
EUPATH_0042215,PROMOTE BC3 Cohort,general_promote
EUPATH_0042216,PROMOTE BC3 Cohort,general_promote
EUPATH_0042217,PROMOTE BC3 Cohort,general_promote
EUPATH_0042218,PROMOTE BC3 Cohort,general_promote
EUPATH_0042219,PROMOTE BC3 Cohort,general_promote
EUPATH_0042220,PROMOTE BC3 Cohort,general_promote
EUPATH_0042221,PROMOTE BC3 Cohort,general_promote
EUPATH_0042222,PROMOTE BC3 Cohort,general_promote
EUPATH_0042223,PROMOTE BC3 Cohort,general_promote
EUPATH_0042224,PROMOTE BC3 Cohort,general_promote
EUPATH_0042225,PROMOTE BC3 Cohort,general_promote
EUPATH_0042226,PROMOTE BC3 Cohort,general_promote
EUPATH_0042227,PROMOTE BC3 Cohort,general_promote
EUPATH_0042228,PROMOTE BC3 Cohort,general_promote
EUPATH_0042229,PROMOTE BC3 Cohort,general_promote
EUPATH_0042230,PROMOTE BC3 Cohort,general_promote
EUPATH_0042231,PROMOTE BC3 Cohort,general_promote
EUPATH_0042232,PROMOTE BC3 Cohort,general_promote
EUPATH_0042233,PROMOTE BC3 Cohort,general_promote
EUPATH_0042234,PROMOTE BC3 Cohort,general_promote
EUPATH_0042235,PROMOTE BC3 Cohort,general_promote
EUPATH_0042236,PROMOTE BC3 Cohort,general_promote
EUPATH_0042237,PROMOTE BC3 Cohort,general_promote
EUPATH_0042238,PROMOTE BC3 Cohort,general_promote
EUPATH_0042239,PROMOTE BC3 Cohort,general_promote
EUPATH_0042241,PROMOTE BC3 Cohort,general_promote
EUPATH_0042242,PROMOTE BC3 Cohort,general_promote
EUPATH_0042243,PROMOTE BC3 Cohort,general_promote
EUPATH_0042244,PROMOTE BC3 Cohort,general_promote
EUPATH_0042245,SHINE,gates_shine
EUPATH_0042245,PROMOTE BC3 Cohort,general_promote
EUPATH_0042246,PROMOTE BC3 Cohort,general_promote
EUPATH_0042247,PROMOTE BC3 Cohort,general_promote
EUPATH_0042248,PROMOTE BC3 Cohort,general_promote
EUPATH_0042249,PROMOTE BC3 Cohort,general_promote
EUPATH_0042250,PROMOTE BC3 Cohort,general_promote
EUPATH_0042251,PROMOTE BC3 Cohort,general_promote
EUPATH_0042252,PROMOTE BC3 Cohort,general_promote
EUPATH_0042253,PROMOTE BC3 Cohort,general_promote
EUPATH_0042254,PROMOTE BC3 Cohort,general_promote
EUPATH_0042255,PROMOTE BC3 Cohort,general_promote
EUPATH_0042256,PROMOTE BC3 Cohort,general_promote
EUPATH_0042257,"avenir,baseline",gates_avenir
EUPATH_0042257,PROMOTE BC3 Cohort,general_promote
EUPATH_0042258,PROMOTE BC3 Cohort,general_promote
EUPATH_0042259,PROMOTE BC3 Cohort,general_promote
EUPATH_0042260,"avenir,baseline",gates_avenir
EUPATH_0042260,PROMOTE BC3 Cohort,general_promote
EUPATH_0042261,GANC,gates_ganc
EUPATH_0042261,PROMOTE BC3 Cohort,general_promote
EUPATH_0042262,PROMOTE BC3 Cohort,general_promote
EUPATH_0042263,PROMOTE BC3 Cohort,general_promote
EUPATH_0042264,PROMOTE BC3 Cohort,general_promote
EUPATH_0042265,PROMOTE BC3 Cohort,general_promote
EUPATH_0042266,PROMOTE BC3 Cohort,general_promote
EUPATH_0042267,PROMOTE BC3 Cohort,general_promote
EUPATH_0042268,PROMOTE BC3 Cohort,general_promote
EUPATH_0042269,PROMOTE BC3 Cohort,general_promote
EUPATH_0042270,PROMOTE BC3 Cohort,general_promote
EUPATH_0042271,PROMOTE BC3 Cohort,general_promote
EUPATH_0042272,PROMOTE BC3 Cohort,general_promote
EUPATH_0042273,SHINE,gates_shine
EUPATH_0042273,PROMOTE BC3 Cohort,general_promote
EUPATH_0042274,PROMOTE BC3 Cohort,general_promote
EUPATH_0042275,PROMOTE BC3 Cohort,general_promote
EUPATH_0042276,PROMOTE BC3 Cohort,general_promote
EUPATH_0042277,PROMOTE BC3 Cohort,general_promote
EUPATH_0042279,PROMOTE BC3 Cohort,general_promote
EUPATH_0042281,PROMOTE BC3 Cohort,general_promote
EUPATH_0042282,PROMOTE BC3 Cohort,general_promote
EUPATH_0042283,PROMOTE BC3 Cohort,general_promote
EUPATH_0042284,PROMOTE BC3 Cohort,general_promote
EUPATH_0042285,PROMOTE BC3 Cohort,general_promote
EUPATH_0042286,PROMOTE BC3 Cohort,general_promote
EUPATH_0042287,PROMOTE BC3 Cohort,general_promote
EUPATH_0042288,SHINE,gates_shine
EUPATH_0042288,PROMOTE BC3 Cohort,general_promote
EUPATH_0042289,PROMOTE BC3 Cohort,general_promote
EUPATH_0042290,PROMOTE BC3 Cohort,general_promote
EUPATH_0042291,PROMOTE BC3 Cohort,general_promote
EUPATH_0042292,SHINE,gates_shine
EUPATH_0042292,PROMOTE BC3 Cohort,general_promote
EUPATH_0042293,GANC,gates_ganc
EUPATH_0042293,SHINE,gates_shine
EUPATH_0042293,PROMOTE BC3 Cohort,general_promote
EUPATH_0042294,PROMOTE BC3 Cohort,general_promote
EUPATH_0042295,PROMOTE BC3 Cohort,general_promote
EUPATH_0042296,PROMOTE BC3 Cohort,general_promote
EUPATH_0042297,PROMOTE BC3 Cohort,general_promote
EUPATH_0042298,PROMOTE BC3 Cohort,general_promote
EUPATH_0042299,PROMOTE BC3 Cohort,general_promote
EUPATH_0042300,PROMOTE BC3 Cohort,general_promote
EUPATH_0042301,PROMOTE BC3 Cohort,general_promote
EUPATH_0042303,PROMOTE BC3 Cohort,general_promote
EUPATH_0042304,GANC,gates_ganc
EUPATH_0042304,SHINE,gates_shine
EUPATH_0042304,PROMOTE BC3 Cohort,general_promote
EUPATH_0042305,PROMOTE BC3 Cohort,general_promote
EUPATH_0042306,PROMOTE BC3 Cohort,general_promote
EUPATH_0042307,PROMOTE BC3 Cohort,general_promote
EUPATH_0042308,PROMOTE BC3 Cohort,general_promote
EUPATH_0042309,PROMOTE BC3 Cohort,general_promote
EUPATH_0042310,PROMOTE BC3 Cohort,general_promote
EUPATH_0042311,PROMOTE BC3 Cohort,general_promote
EUPATH_0042312,PROMOTE BC3 Cohort,general_promote
EUPATH_0042313,PROMOTE BC3 Cohort,general_promote
EUPATH_0042314,PROMOTE BC3 Cohort,general_promote
EUPATH_0042315,PROMOTE BC3 Cohort,general_promote
EUPATH_0042316,PROMOTE BC3 Cohort,general_promote
EUPATH_0042317,PROMOTE BC3 Cohort,general_promote
EUPATH_0042318,PROMOTE BC3 Cohort,general_promote
EUPATH_0042319,PROMOTE BC3 Cohort,general_promote
EUPATH_0042320,PROMOTE BC3 Cohort,general_promote
EUPATH_0042321,PROMOTE BC3 Cohort,general_promote
EUPATH_0042322,PROMOTE BC3 Cohort,general_promote
EUPATH_0042323,PROMOTE BC3 Cohort,general_promote
EUPATH_0042324,PROMOTE BC3 Cohort,general_promote
EUPATH_0042325,PROMOTE BC3 Cohort,general_promote
EUPATH_0042326,PROMOTE BC3 Cohort,general_promote
EUPATH_0042327,PROMOTE BC3 Cohort,general_promote
EUPATH_0042328,PROMOTE BC3 Cohort,general_promote
EUPATH_0042329,PROMOTE BC3 Cohort,general_promote
EUPATH_0042330,PROMOTE BC3 Cohort,general_promote
EUPATH_0042331,PROMOTE BC3 Cohort,general_promote
EUPATH_0042332,PROMOTE BC3 Cohort,general_promote
EUPATH_0042333,PROMOTE BC3 Cohort,general_promote
EUPATH_0042334,PROMOTE BC3 Cohort,general_promote
EUPATH_0042336,PROMOTE BC3 Cohort,general_promote
EUPATH_0042337,PROMOTE BC3 Cohort,general_promote
EUPATH_0042338,PROMOTE BC3 Cohort,general_promote
EUPATH_0042339,PROMOTE BC3 Cohort,general_promote
EUPATH_0042340,PROMOTE BC3 Cohort,general_promote
EUPATH_0042341,PROMOTE BC3 Cohort,general_promote
EUPATH_0042342,PROMOTE BC3 Cohort,general_promote
EUPATH_0042343,PROMOTE BC3 Cohort,general_promote
EUPATH_0042344,PROMOTE BC3 Cohort,general_promote
EUPATH_0042345,PROMOTE BC3 Cohort,general_promote
EUPATH_0042346,PROMOTE BC3 Cohort,general_promote
EUPATH_0042347,PROMOTE BC3 Cohort,general_promote
EUPATH_0042348,PROMOTE BC3 Cohort,general_promote
EUPATH_0042349,PROMOTE BC3 Cohort,general_promote
EUPATH_0042350,PROMOTE BC3 Cohort,general_promote
EUPATH_0042351,PROMOTE BC3 Cohort,general_promote
EUPATH_0042352,GANC,gates_ganc
EUPATH_0042352,PROMOTE BC3 Cohort,general_promote
EUPATH_0042353,PROMOTE BC3 Cohort,general_promote
EUPATH_0042354,SHINE,gates_shine
EUPATH_0042354,PROMOTE BC3 Cohort,general_promote
EUPATH_0042355,PROMOTE BC3 Cohort,general_promote
EUPATH_0042359,PROMOTE BC3 Cohort,general_promote
EUPATH_0042360,PROMOTE BC3 Cohort,general_promote
EUPATH_0042361,PROMOTE BC3 Cohort,general_promote
EUPATH_0042362,PROMOTE BC3 Cohort,general_promote
EUPATH_0042363,PROMOTE BC3 Cohort,general_promote
EUPATH_0042364,PROMOTE BC3 Cohort,general_promote
EUPATH_0042365,PROMOTE BC3 Cohort,general_promote
EUPATH_0042366,PROMOTE BC3 Cohort,general_promote
EUPATH_0042367,PROMOTE BC3 Cohort,general_promote
EUPATH_0042368,PROMOTE BC3 Cohort,general_promote
EUPATH_0042369,PROMOTE BC3 Cohort,general_promote
EUPATH_0042370,PROMOTE BC3 Cohort,general_promote
EUPATH_0042371,PROMOTE BC3 Cohort,general_promote
EUPATH_0042372,PROMOTE BC3 Cohort,general_promote
EUPATH_0042373,PROMOTE BC3 Cohort,general_promote
EUPATH_0042374,PROMOTE BC3 Cohort,general_promote
EUPATH_0042375,PROMOTE BC3 Cohort,general_promote
EUPATH_0042376,PROMOTE BC3 Cohort,general_promote
EUPATH_0042377,PROMOTE BC3 Cohort,general_promote
EUPATH_0042378,PROMOTE BC3 Cohort,general_promote
EUPATH_0042379,PROMOTE BC3 Cohort,general_promote
EUPATH_0042380,PROMOTE BC3 Cohort,general_promote
EUPATH_0042382,PROMOTE BC3 Cohort,general_promote
EUPATH_0042383,PROMOTE BC3 Cohort,general_promote
EUPATH_0042384,PROMOTE BC3 Cohort,general_promote
EUPATH_0042385,PROMOTE BC3 Cohort,general_promote
EUPATH_0042386,PROMOTE BC3 Cohort,general_promote
EUPATH_0042387,PROMOTE BC3 Cohort,general_promote
EUPATH_0042388,PROMOTE BC3 Cohort,general_promote
EUPATH_0042389,GANC,gates_ganc
EUPATH_0042389,SHINE,gates_shine
EUPATH_0042389,PROMOTE BC3 Cohort,general_promote
EUPATH_0042390,PROMOTE BC3 Cohort,general_promote
EUPATH_0042391,PROMOTE BC3 Cohort,general_promote
EUPATH_0042392,PROMOTE BC3 Cohort,general_promote
EUPATH_0042393,PROMOTE BC3 Cohort,general_promote
EUPATH_0042394,PROMOTE BC3 Cohort,general_promote
EUPATH_0042395,PROMOTE BC3 Cohort,general_promote
EUPATH_0042396,GANC,gates_ganc
EUPATH_0042396,SHINE,gates_shine
EUPATH_0042396,PROMOTE BC3 Cohort,general_promote
EUPATH_0042397,GANC,gates_ganc
EUPATH_0042397,SHINE,gates_shine
EUPATH_0042397,PROMOTE BC3 Cohort,general_promote
EUPATH_0042398,PROMOTE BC3 Cohort,general_promote
EUPATH_0042399,PROMOTE BC3 Cohort,general_promote
EUPATH_0043203,SCORE Mozambique Cluster Randomized Trial,gates_score_moz
EUPATH_0043203,SCORE Niger Cluster Randomized Trial,gates_score_nig
EUPATH_0043203,,gates_score_seasonal
EUPATH_0043203,SCORE S. mansoni Cluster Randomized Trial,gates_score_sm_crt
EUPATH_0043203,UMSP Surveillance,general_umsp
EUPATH_0043204,SCORE Mozambique Cluster Randomized Trial,gates_score_moz
EUPATH_0043204,SCORE Niger Cluster Randomized Trial,gates_score_nig
EUPATH_0043204,,gates_score_seasonal
EUPATH_0043204,SCORE S. mansoni Cluster Randomized Trial,gates_score_sm_crt
EUPATH_0043204,UMSP Surveillance,general_umsp
EUPATH_0043205,SCORE Mozambique Cluster Randomized Trial,gates_score_moz
EUPATH_0043205,SCORE Niger Cluster Randomized Trial,gates_score_nig
EUPATH_0043205,,gates_score_seasonal
EUPATH_0043205,SCORE S. mansoni Cluster Randomized Trial,gates_score_sm_crt
EUPATH_0043205,UMSP Surveillance,general_umsp
EUPATH_0043206,SCORE Mozambique Cluster Randomized Trial,gates_score_moz
EUPATH_0043206,SCORE Niger Cluster Randomized Trial,gates_score_nig
EUPATH_0043206,,gates_score_seasonal
EUPATH_0043206,SCORE S. mansoni Cluster Randomized Trial,gates_score_sm_crt
EUPATH_0043206,UMSP Surveillance,general_umsp
EUPATH_0043207,SCORE Mozambique Cluster Randomized Trial,gates_score_moz
EUPATH_0043207,SCORE Niger Cluster Randomized Trial,gates_score_nig
EUPATH_0043207,,gates_score_seasonal
EUPATH_0043207,SCORE S. mansoni Cluster Randomized Trial,gates_score_sm_crt
EUPATH_0043207,UMSP Surveillance,general_umsp
EUPATH_0043208,SCORE Mozambique Cluster Randomized Trial,gates_score_moz
EUPATH_0043208,SCORE Niger Cluster Randomized Trial,gates_score_nig
EUPATH_0043208,,gates_score_seasonal
EUPATH_0043208,SCORE S. mansoni Cluster Randomized Trial,gates_score_sm_crt
EUPATH_0043208,UMSP Surveillance,general_umsp
EUPATH_0043212,SCORE Mozambique Cluster Randomized Trial,gates_score_moz
EUPATH_0043212,SCORE Niger Cluster Randomized Trial,gates_score_nig
EUPATH_0043212,SCORE Seasonal,gates_score_seasonal
EUPATH_0043212,SCORE S. mansoni Cluster Randomized Trial,gates_score_sm_crt
EUPATH_0043212,UMSP Surveillance,general_umsp
EUPATH_0044101,LLINE UP Cluster Randomized Trial,gates_llineup
EUPATH_0044102,LLINE UP Cluster Randomized Trial,gates_llineup
EUPATH_0044103,LLINE UP Cluster Randomized Trial,gates_llineup
EUPATH_0044104,LLINE UP Cluster Randomized Trial,gates_llineup
EUPATH_0044105,LLINE UP Cluster Randomized Trial,gates_llineup
EUPATH_0044106,LLINE UP Cluster Randomized Trial,gates_llineup
EUPATH_0044107,LLINE UP Cluster Randomized Trial,gates_llineup
EUPATH_0044107,PRISM2 ICEMR Border Cohort,icemr_prism2_border_cohort
EUPATH_0044108,LLINE UP Cluster Randomized Trial,gates_llineup
EUPATH_0044108,PRISM2 ICEMR Border Cohort,icemr_prism2_border_cohort
EUPATH_0044109,LLINE UP Cluster Randomized Trial,gates_llineup
EUPATH_0044109,PRISM2 ICEMR Border Cohort,icemr_prism2_border_cohort
EUPATH_0044110,LLINE UP Cluster Randomized Trial,gates_llineup
EUPATH_0044110,PRISM2 ICEMR Border Cohort,icemr_prism2_border_cohort
EUPATH_0044111,LLINE UP Cluster Randomized Trial,gates_llineup
EUPATH_0044112,LLINE UP Cluster Randomized Trial,gates_llineup
EUPATH_0044113,LLINE UP Cluster Randomized Trial,gates_llineup
EUPATH_0044114,LLINE UP Cluster Randomized Trial,gates_llineup
EUPATH_0044115,LLINE UP Cluster Randomized Trial,gates_llineup
EUPATH_0044116,LLINE UP Cluster Randomized Trial,gates_llineup
EUPATH_0044117,LLINE UP Cluster Randomized Trial,gates_llineup
EUPATH_0044118,LLINE UP Cluster Randomized Trial,gates_llineup
EUPATH_0044119,LLINE UP Cluster Randomized Trial,gates_llineup
EUPATH_0044120,LLINE UP Cluster Randomized Trial,gates_llineup
EUPATH_0044121,LLINE UP Cluster Randomized Trial,gates_llineup
EUPATH_0044122,GEMS1 Case Control,gates_gems
EUPATH_0044122,GEMS1A Case Control,gates_gems1a
EUPATH_0044122,LLINE UP Cluster Randomized Trial,gates_llineup
EUPATH_0044122,SHINE,gates_shine
EUPATH_0044122,VIDA HUCS Kenya,gates_vida_hucs_kenya
EUPATH_0044122,WASHb BNG Cluster Randomized Trial,gates_washb_bangladesh
EUPATH_0044122,WASH Benefits Kenya Cluster Randomized Trial,gates_washb_kenya
EUPATH_0044122,Amazonia ICEMR Brazil Cohort,icemr_amazonia_brazil
EUPATH_0044123,LLINE UP Cluster Randomized Trial,gates_llineup
EUPATH_0044124,LLINE UP Cluster Randomized Trial,gates_llineup
EUPATH_0044124,Preventing Congenital Syphilis,gates_pcs
EUPATH_0044124,WASHb BNG Cluster Randomized Trial,gates_washb_bangladesh
EUPATH_0044124,WASH Benefits Kenya Cluster Randomized Trial,gates_washb_kenya
EUPATH_0044126,LLINE UP Cluster Randomized Trial,gates_llineup
EUPATH_0044127,LLINE UP Cluster Randomized Trial,gates_llineup
EUPATH_0044128,LLINE UP Cluster Randomized Trial,gates_llineup
EUPATH_0044129,LLINE UP Cluster Randomized Trial,gates_llineup
EUPATH_0044130,LLINE UP Cluster Randomized Trial,gates_llineup
EUPATH_0044131,LLINE UP Cluster Randomized Trial,gates_llineup
EUPATH_0044132,LLINE UP Cluster Randomized Trial,gates_llineup
EUPATH_0044134,LLINE UP Cluster Randomized Trial,gates_llineup
EUPATH_0044134,India ICEMR Meghalaya Cohort,icemr_india_meghalaya
EUPATH_0044135,LLINE UP Cluster Randomized Trial,gates_llineup
EUPATH_0044136,LLINE UP Cluster Randomized Trial,gates_llineup
EUPATH_0044136,PROMOTE BC3 Cohort,general_promote
EUPATH_0044136,India ICEMR Behavior Cross-sectional,icemr_india_behavior
EUPATH_0044136,India ICEMR Meghalaya Cohort,icemr_india_meghalaya
EUPATH_0044137,LLINE UP Cluster Randomized Trial,gates_llineup
EUPATH_0044138,LLINE UP Cluster Randomized Trial,gates_llineup
EUPATH_0044139,LLINE UP Cluster Randomized Trial,gates_llineup
EUPATH_0044140,LLINE UP Cluster Randomized Trial,gates_llineup
EUPATH_0044141,LLINE UP Cluster Randomized Trial,gates_llineup
EUPATH_0044142,LLINE UP Cluster Randomized Trial,gates_llineup
EUPATH_0044143,LLINE UP Cluster Randomized Trial,gates_llineup
EUPATH_0044144,LLINE UP Cluster Randomized Trial,gates_llineup
EUPATH_0044145,LLINE UP Cluster Randomized Trial,gates_llineup
EUPATH_0044146,LLINE UP Cluster Randomized Trial,gates_llineup
EUPATH_0044148,LLINE UP Cluster Randomized Trial,gates_llineup
EUPATH_0044150,LLINE UP Cluster Randomized Trial,gates_llineup
EUPATH_0044151,LLINE UP Cluster Randomized Trial,gates_llineup
EUPATH_0044152,"avenir,baseline",gates_avenir
EUPATH_0044152,LLINE UP Cluster Randomized Trial,gates_llineup
EUPATH_0044153,LLINE UP Cluster Randomized Trial,gates_llineup
EUPATH_0044154,LLINE UP Cluster Randomized Trial,gates_llineup
EUPATH_0044155,LLINE UP Cluster Randomized Trial,gates_llineup
EUPATH_0044155,PRISM2 ICEMR Border Cohort,icemr_prism2_border_cohort
EUPATH_0044156,LLINE UP Cluster Randomized Trial,gates_llineup
EUPATH_0044157,LLINE UP Cluster Randomized Trial,gates_llineup
EUPATH_0044158,LLINE UP Cluster Randomized Trial,gates_llineup
EUPATH_0044159,LLINE UP Cluster Randomized Trial,gates_llineup
EUPATH_0044160,ELICIT,gates_elicit
EUPATH_0044160,LLINE UP Cluster Randomized Trial,gates_llineup
EUPATH_0044162,LLINE UP Cluster Randomized Trial,gates_llineup
EUPATH_0044163,LLINE UP Cluster Randomized Trial,gates_llineup
EUPATH_0044164,LLINE UP Cluster Randomized Trial,gates_llineup
EUPATH_0044165,LLINE UP Cluster Randomized Trial,gates_llineup
EUPATH_0044166,LLINE UP Cluster Randomized Trial,gates_llineup
EUPATH_0044167,LLINE UP Cluster Randomized Trial,gates_llineup
EUPATH_0044168,LLINE UP Cluster Randomized Trial,gates_llineup
EUPATH_0044169,LLINE UP Cluster Randomized Trial,gates_llineup
EUPATH_0044170,LLINE UP Cluster Randomized Trial,gates_llineup
EUPATH_0044171,LLINE UP Cluster Randomized Trial,gates_llineup
EUPATH_0044172,LLINE UP Cluster Randomized Trial,gates_llineup
EUPATH_0044174,LLINE UP Cluster Randomized Trial,gates_llineup
EUPATH_0044175,SCORE Mozambique Cluster Randomized Trial,gates_score_moz
EUPATH_0044175,SCORE Niger Cluster Randomized Trial,gates_score_nig
EUPATH_0044175,SCORE Seasonal,gates_score_seasonal
EUPATH_0044175,SCORE Sm Cohort,gates_score_sm_cohort
EUPATH_0044175,SCORE S. mansoni Cluster Randomized Trial,gates_score_sm_crt
EUPATH_0044175,SCORE Zanzibar,gates_score_zanzibar
EUPATH_0044177,LLINE UP Cluster Randomized Trial,gates_llineup
EUPATH_0044177,Malawi ICEMR Case-Control,icemr_malawi
EUPATH_0044177,PRISM ICEMR Cohort,icemr_prism
EUPATH_0044177,PRISM2 ICEMR Cohort,icemr_prism2
EUPATH_0044177,PRISM2 ICEMR Border Cohort,icemr_prism2_border_cohort
EUPATH_0044178,LLINE UP Cluster Randomized Trial,gates_llineup
EUPATH_0044178,Malawi ICEMR Case-Control,icemr_malawi
EUPATH_0044178,PRISM ICEMR Cohort,icemr_prism
EUPATH_0044178,PRISM2 ICEMR Cohort,icemr_prism2
EUPATH_0044178,PRISM2 ICEMR Border Cohort,icemr_prism2_border_cohort
EUPATH_0044179,LLINE UP Cluster Randomized Trial,gates_llineup
EUPATH_0044179,UMSP Surveillance,general_umsp
EUPATH_0044180,LLINE UP Cluster Randomized Trial,gates_llineup
EUPATH_0045101,VIDA HUCS Gambia Mali,gates_vida_hucs_gambia_mali
EUPATH_0045102,VIDA HUCS Gambia Mali,gates_vida_hucs_gambia_mali
EUPATH_0045103,VIDA HUCS Gambia Mali,gates_vida_hucs_gambia_mali
EUPATH_0045104,VIDA HUCS Gambia Mali,gates_vida_hucs_gambia_mali
EUPATH_0045105,VIDA HUCS Gambia Mali,gates_vida_hucs_gambia_mali
EUPATH_0045106,VIDA HUCS Gambia Mali,gates_vida_hucs_gambia_mali
EUPATH_0045107,VIDA HUCS Gambia Mali,gates_vida_hucs_gambia_mali
EUPATH_0045108,VIDA HUCS Gambia Mali,gates_vida_hucs_gambia_mali
EUPATH_0045108,VIDA HUCS Kenya,gates_vida_hucs_kenya
EUPATH_0045109,VIDA HUCS Gambia Mali,gates_vida_hucs_gambia_mali
EUPATH_0046001,GANC,gates_ganc
EUPATH_0046001,VIDA HUCS Kenya,gates_vida_hucs_kenya
EUPATH_0046002,VIDA HUCS Gambia Mali,gates_vida_hucs_gambia_mali
EUPATH_0046002,VIDA HUCS Kenya,gates_vida_hucs_kenya
EUPATH_0046005,VIDA HUCS Kenya,gates_vida_hucs_kenya
EUPATH_0047001,GANC,gates_ganc
EUPATH_0047002,GANC,gates_ganc
EUPATH_0047002,SIP,gates_sip
EUPATH_0047002,India ICEMR Meghalaya Cohort,icemr_india_meghalaya
EUPATH_0047003,GANC,gates_ganc
EUPATH_0047004,GANC,gates_ganc
EUPATH_0047006,GANC,gates_ganc
EUPATH_0047007,GANC,gates_ganc
EUPATH_0047008,GANC,gates_ganc
EUPATH_0047009,GANC,gates_ganc
EUPATH_0047010,GANC,gates_ganc
EUPATH_0047011,GANC,gates_ganc
EUPATH_0047012,GANC,gates_ganc
EUPATH_0047013,GANC,gates_ganc
EUPATH_0047014,GANC,gates_ganc
EUPATH_0047015,GANC,gates_ganc
EUPATH_0047017,GANC,gates_ganc
EUPATH_0047018,GANC,gates_ganc
EUPATH_0047020,GANC,gates_ganc
EUPATH_0047021,GANC,gates_ganc
EUPATH_0047022,GANC,gates_ganc
EUPATH_0047023,GANC,gates_ganc
EUPATH_0047024,GANC,gates_ganc
EUPATH_0047025,GANC,gates_ganc
EUPATH_0047026,GANC,gates_ganc
EUPATH_0047027,GANC,gates_ganc
EUPATH_0047028,GANC,gates_ganc
EUPATH_0047029,GANC,gates_ganc
EUPATH_0047030,GANC,gates_ganc
EUPATH_0047031,GANC,gates_ganc
EUPATH_0047032,GANC,gates_ganc
EUPATH_0047033,GANC,gates_ganc
EUPATH_0047034,GANC,gates_ganc
EUPATH_0047036,GANC,gates_ganc
EUPATH_0047037,GANC,gates_ganc
EUPATH_0047038,GANC,gates_ganc
EUPATH_0047039,GANC,gates_ganc
EUPATH_0047040,GANC,gates_ganc
EUPATH_0047041,GANC,gates_ganc
EUPATH_0047042,GANC,gates_ganc
EUPATH_0047043,GANC,gates_ganc
EUPATH_0047047,GANC,gates_ganc
EUPATH_0047048,GANC,gates_ganc
EUPATH_0047049,GANC,gates_ganc
EUPATH_0047050,GANC,gates_ganc
EUPATH_0047051,GANC,gates_ganc
EUPATH_0047052,GANC,gates_ganc
EUPATH_0047053,GANC,gates_ganc
EUPATH_0047054,GANC,gates_ganc
EUPATH_0047055,GANC,gates_ganc
EUPATH_0047056,GANC,gates_ganc
EUPATH_0047057,GANC,gates_ganc
EUPATH_0047058,GANC,gates_ganc
EUPATH_0047059,GANC,gates_ganc
EUPATH_0047060,GANC,gates_ganc
EUPATH_0047060,SIP,gates_sip
EUPATH_0047061,GANC,gates_ganc
EUPATH_0047062,GANC,gates_ganc
EUPATH_0047063,GANC,gates_ganc
EUPATH_0047064,GANC,gates_ganc
EUPATH_0047065,GANC,gates_ganc
EUPATH_0047066,GANC,gates_ganc
EUPATH_0047067,GANC,gates_ganc
EUPATH_0047068,GANC,gates_ganc
EUPATH_0047069,GANC,gates_ganc
EUPATH_0047070,GANC,gates_ganc
EUPATH_0047084,GANC,gates_ganc
EUPATH_0047085,GANC,gates_ganc
EUPATH_0047086,GANC,gates_ganc
EUPATH_0047087,GANC,gates_ganc
EUPATH_0047088,GANC,gates_ganc
EUPATH_0047089,GANC,gates_ganc
EUPATH_0047090,GANC,gates_ganc
EUPATH_0047091,GANC,gates_ganc
EUPATH_0047092,GANC,gates_ganc
EUPATH_0047093,GANC,gates_ganc
EUPATH_0047094,GANC,gates_ganc
EUPATH_0047095,GANC,gates_ganc
EUPATH_0047096,GANC,gates_ganc
EUPATH_0047097,GANC,gates_ganc
EUPATH_0047098,GANC,gates_ganc
EUPATH_0047099,GANC,gates_ganc
EUPATH_0047100,GANC,gates_ganc
EUPATH_0047101,GANC,gates_ganc
EUPATH_0047102,GANC,gates_ganc
EUPATH_0047103,GANC,gates_ganc
EUPATH_0047104,GANC,gates_ganc
EUPATH_0047105,GANC,gates_ganc
EUPATH_0047106,GANC,gates_ganc
EUPATH_0047107,GANC,gates_ganc
EUPATH_0047108,GANC,gates_ganc
EUPATH_0047109,GANC,gates_ganc
EUPATH_0047110,GANC,gates_ganc
EUPATH_0047111,GANC,gates_ganc
EUPATH_0047112,GANC,gates_ganc
EUPATH_0047113,GANC,gates_ganc
EUPATH_0047114,GANC,gates_ganc
EUPATH_0047115,GANC,gates_ganc
EUPATH_0047116,GANC,gates_ganc
EUPATH_0047117,GANC,gates_ganc
EUPATH_0047118,GANC,gates_ganc
EUPATH_0047119,GANC,gates_ganc
EUPATH_0047120,GANC,gates_ganc
EUPATH_0047121,GANC,gates_ganc
EUPATH_0047122,GANC,gates_ganc
EUPATH_0047123,GANC,gates_ganc
EUPATH_0047124,GANC,gates_ganc
EUPATH_0047125,GANC,gates_ganc
EUPATH_0047126,GANC,gates_ganc
EUPATH_0047127,GANC,gates_ganc
EUPATH_0047128,GANC,gates_ganc
EUPATH_0047129,GANC,gates_ganc
EUPATH_0047131,GANC,gates_ganc
EUPATH_0047132,GANC,gates_ganc
EUPATH_0047133,GANC,gates_ganc
EUPATH_0047134,GANC,gates_ganc
EUPATH_0047135,GANC,gates_ganc
EUPATH_0047136,GANC,gates_ganc
EUPATH_0047137,GANC,gates_ganc
EUPATH_0047138,GANC,gates_ganc
EUPATH_0047139,GANC,gates_ganc
EUPATH_0047140,GANC,gates_ganc
EUPATH_0047141,GANC,gates_ganc
EUPATH_0047142,GANC,gates_ganc
EUPATH_0047143,GANC,gates_ganc
EUPATH_0047144,GANC,gates_ganc
EUPATH_0047145,GANC,gates_ganc
EUPATH_0047146,GANC,gates_ganc
EUPATH_0047147,GANC,gates_ganc
EUPATH_0047148,GANC,gates_ganc
EUPATH_0047149,GANC,gates_ganc
EUPATH_0047150,GANC,gates_ganc
EUPATH_0047151,GANC,gates_ganc
EUPATH_0047152,GANC,gates_ganc
EUPATH_0047153,GANC,gates_ganc
EUPATH_0047154,GANC,gates_ganc
EUPATH_0047155,GANC,gates_ganc
EUPATH_0047156,GANC,gates_ganc
EUPATH_0047157,GANC,gates_ganc
EUPATH_0047158,GANC,gates_ganc
EUPATH_0047159,GANC,gates_ganc
EUPATH_0047160,GANC,gates_ganc
EUPATH_0047165,GANC,gates_ganc
EUPATH_0047166,GANC,gates_ganc
EUPATH_0047167,GANC,gates_ganc
EUPATH_0047168,GANC,gates_ganc
EUPATH_0047169,GANC,gates_ganc
EUPATH_0047170,GANC,gates_ganc
EUPATH_0047171,GANC,gates_ganc
EUPATH_0047172,GANC,gates_ganc
EUPATH_0047173,GANC,gates_ganc
EUPATH_0047174,GANC,gates_ganc
EUPATH_0047175,GANC,gates_ganc
EUPATH_0047176,GANC,gates_ganc
EUPATH_0047177,GANC,gates_ganc
EUPATH_0047178,GANC,gates_ganc
EUPATH_0047179,GANC,gates_ganc
EUPATH_0047180,GANC,gates_ganc
EUPATH_0047181,GANC,gates_ganc
EUPATH_0047182,GANC,gates_ganc
EUPATH_0047183,GANC,gates_ganc
EUPATH_0047184,GANC,gates_ganc
EUPATH_0047185,GANC,gates_ganc
EUPATH_0047186,GANC,gates_ganc
EUPATH_0047187,GANC,gates_ganc
EUPATH_0047188,GANC,gates_ganc
EUPATH_0047189,GANC,gates_ganc
EUPATH_0047190,GANC,gates_ganc
EUPATH_0047191,GANC,gates_ganc
EUPATH_0047192,GANC,gates_ganc
EUPATH_0047193,GANC,gates_ganc
EUPATH_0047194,GANC,gates_ganc
EUPATH_0047195,GANC,gates_ganc
EUPATH_0047196,GANC,gates_ganc
EUPATH_0047197,GANC,gates_ganc
EUPATH_0047198,GANC,gates_ganc
EUPATH_0047199,GANC,gates_ganc
EUPATH_0047200,GANC,gates_ganc
EUPATH_0047201,GANC,gates_ganc
EUPATH_0047202,GANC,gates_ganc
EUPATH_0047203,GANC,gates_ganc
EUPATH_0047204,GANC,gates_ganc
EUPATH_0047205,GANC,gates_ganc
EUPATH_0047206,GANC,gates_ganc
EUPATH_0047207,GANC,gates_ganc
EUPATH_0047208,GANC,gates_ganc
EUPATH_0047209,GANC,gates_ganc
EUPATH_0047210,GANC,gates_ganc
EUPATH_0047211,GANC,gates_ganc
EUPATH_0047212,GANC,gates_ganc
EUPATH_0047213,GANC,gates_ganc
EUPATH_0047214,GANC,gates_ganc
EUPATH_0047215,GANC,gates_ganc
EUPATH_0047216,GANC,gates_ganc
EUPATH_0047217,GANC,gates_ganc
EUPATH_0047218,GANC,gates_ganc
EUPATH_0047219,GANC,gates_ganc
EUPATH_0047220,GANC,gates_ganc
EUPATH_0047221,GANC,gates_ganc
EUPATH_0047222,GANC,gates_ganc
EUPATH_0047223,GANC,gates_ganc
EUPATH_0047224,GANC,gates_ganc
EUPATH_0047225,GANC,gates_ganc
EUPATH_0047226,GANC,gates_ganc
EUPATH_0047227,GANC,gates_ganc
EUPATH_0047228,GANC,gates_ganc
EUPATH_0047229,GANC,gates_ganc
EUPATH_0047230,GANC,gates_ganc
EUPATH_0047231,GANC,gates_ganc
EUPATH_0047232,GANC,gates_ganc
EUPATH_0047233,GANC,gates_ganc
EUPATH_0047234,GANC,gates_ganc
EUPATH_0047235,GANC,gates_ganc
EUPATH_0047236,GANC,gates_ganc
EUPATH_0047237,GANC,gates_ganc
EUPATH_0047243,GANC,gates_ganc
EUPATH_0047244,GANC,gates_ganc
EUPATH_0047245,GANC,gates_ganc
EUPATH_0047247,GANC,gates_ganc
EUPATH_0047248,GANC,gates_ganc
EUPATH_0047250,GANC,gates_ganc
EUPATH_0047251,GANC,gates_ganc
EUPATH_0047252,GANC,gates_ganc
EUPATH_0047253,GANC,gates_ganc
EUPATH_0047254,GANC,gates_ganc
EUPATH_0047260,GANC,gates_ganc
EUPATH_0047261,GANC,gates_ganc
EUPATH_0047262,GANC,gates_ganc
EUPATH_0047263,GANC,gates_ganc
EUPATH_0047264,GANC,gates_ganc
EUPATH_0047268,GANC,gates_ganc
EUPATH_0047269,GANC,gates_ganc
EUPATH_0047270,GANC,gates_ganc
EUPATH_0047271,GANC,gates_ganc
EUPATH_0047272,GANC,gates_ganc
EUPATH_0047273,GANC,gates_ganc
EUPATH_0047274,GANC,gates_ganc
EUPATH_0047275,GANC,gates_ganc
EUPATH_0047276,GANC,gates_ganc
EUPATH_0047277,GANC,gates_ganc
EUPATH_0047278,GANC,gates_ganc
EUPATH_0047279,GANC,gates_ganc
EUPATH_0047280,GANC,gates_ganc
EUPATH_0047281,GANC,gates_ganc
EUPATH_0047282,GANC,gates_ganc
EUPATH_0047283,GANC,gates_ganc
EUPATH_0047283,SIP,gates_sip
EUPATH_0047284,GANC,gates_ganc
EUPATH_0047285,GANC,gates_ganc
EUPATH_0047286,GANC,gates_ganc
EUPATH_0047287,GANC,gates_ganc
EUPATH_0047288,GANC,gates_ganc
EUPATH_0047289,GANC,gates_ganc
EUPATH_0047290,GANC,gates_ganc
EUPATH_0047291,GANC,gates_ganc
EUPATH_0047292,GANC,gates_ganc
EUPATH_0047293,GANC,gates_ganc
EUPATH_0047294,GANC,gates_ganc
EUPATH_0047299,GANC,gates_ganc
EUPATH_0047305,GANC,gates_ganc
EUPATH_0047306,GANC,gates_ganc
EUPATH_0047307,GANC,gates_ganc
EUPATH_0047308,GANC,gates_ganc
EUPATH_0047310,GANC,gates_ganc
EUPATH_0047311,GANC,gates_ganc
EUPATH_0047312,GANC,gates_ganc
EUPATH_0047313,GANC,gates_ganc
EUPATH_0047314,GANC,gates_ganc
EUPATH_0047315,GANC,gates_ganc
EUPATH_0047316,GANC,gates_ganc
EUPATH_0047317,GANC,gates_ganc
EUPATH_0047323,GANC,gates_ganc
EUPATH_0047324,GANC,gates_ganc
EUPATH_0047325,GANC,gates_ganc
EUPATH_0047326,GANC,gates_ganc
EUPATH_0047327,GANC,gates_ganc
EUPATH_0047328,GANC,gates_ganc
EUPATH_0047329,GANC,gates_ganc
EUPATH_0047330,GANC,gates_ganc
EUPATH_0047331,GANC,gates_ganc
EUPATH_0047332,GANC,gates_ganc
EUPATH_0047334,GANC,gates_ganc
EUPATH_0047335,GANC,gates_ganc
EUPATH_0047336,GANC,gates_ganc
EUPATH_0047337,GANC,gates_ganc
EUPATH_0047338,GANC,gates_ganc
EUPATH_0047339,GANC,gates_ganc
EUPATH_0047340,GANC,gates_ganc
EUPATH_0047341,GANC,gates_ganc
EUPATH_0047342,GANC,gates_ganc
EUPATH_0047343,GANC,gates_ganc
EUPATH_0047344,GANC,gates_ganc
EUPATH_0047345,GANC,gates_ganc
EUPATH_0047346,GANC,gates_ganc
EUPATH_0047347,GANC,gates_ganc
EUPATH_0047348,GANC,gates_ganc
EUPATH_0047349,GANC,gates_ganc
EUPATH_0047350,GANC,gates_ganc
EUPATH_0047351,GANC,gates_ganc
EUPATH_0047352,GANC,gates_ganc
EUPATH_0047353,GANC,gates_ganc
EUPATH_0047354,GANC,gates_ganc
EUPATH_0047370,GANC,gates_ganc
EUPATH_0047371,GANC,gates_ganc
EUPATH_0047372,GANC,gates_ganc
EUPATH_0047373,GANC,gates_ganc
EUPATH_0047374,GANC,gates_ganc
EUPATH_0047375,GANC,gates_ganc
EUPATH_0047376,GANC,gates_ganc
EUPATH_0047377,GANC,gates_ganc
EUPATH_0047378,GANC,gates_ganc
EUPATH_0047379,GANC,gates_ganc
EUPATH_0047380,GANC,gates_ganc
EUPATH_0047381,GANC,gates_ganc
EUPATH_0047382,GANC,gates_ganc
EUPATH_0047383,GANC,gates_ganc
EUPATH_0047383,SHINE,gates_shine
EUPATH_0047383,PROMOTE BC3 Cohort,general_promote
EUPATH_0047385,GANC,gates_ganc
EUPATH_0047385,SHINE,gates_shine
EUPATH_0047385,PROMOTE BC3 Cohort,general_promote
EUPATH_0047386,GANC,gates_ganc
EUPATH_0047387,GANC,gates_ganc
EUPATH_0047387,PROMOTE BC3 Cohort,general_promote
EUPATH_0047388,GANC,gates_ganc
EUPATH_0047388,SHINE,gates_shine
EUPATH_0047388,PROMOTE BC3 Cohort,general_promote
EUPATH_0047390,GANC,gates_ganc
EUPATH_0047391,GANC,gates_ganc
EUPATH_0047392,GANC,gates_ganc
EUPATH_0047393,GANC,gates_ganc
EUPATH_0047394,GANC,gates_ganc
EUPATH_0047395,GANC,gates_ganc
EUPATH_0047396,GANC,gates_ganc
EUPATH_0047397,GANC,gates_ganc
EUPATH_0047398,GANC,gates_ganc
EUPATH_0047399,GANC,gates_ganc
EUPATH_0047400,GANC,gates_ganc
EUPATH_0047401,GANC,gates_ganc
EUPATH_0047402,GANC,gates_ganc
EUPATH_0047403,GANC,gates_ganc
EUPATH_0047405,GANC,gates_ganc
EUPATH_0047410,GANC,gates_ganc
EUPATH_0047416,GANC,gates_ganc
EUPATH_0047417,GANC,gates_ganc
EUPATH_0047422,GANC,gates_ganc
EUPATH_0047427,GANC,gates_ganc
EUPATH_0047428,GANC,gates_ganc
EUPATH_0047429,GANC,gates_ganc
EUPATH_0047431,GANC,gates_ganc
EUPATH_0047432,GANC,gates_ganc
EUPATH_0047433,GANC,gates_ganc
EUPATH_0047434,GANC,gates_ganc
EUPATH_0047435,GANC,gates_ganc
EUPATH_0047436,GANC,gates_ganc
EUPATH_0047437,GANC,gates_ganc
EUPATH_0047438,GANC,gates_ganc
EUPATH_0047439,GANC,gates_ganc
EUPATH_0047440,GANC,gates_ganc
EUPATH_0047441,GANC,gates_ganc
EUPATH_0047442,GANC,gates_ganc
EUPATH_0047443,GANC,gates_ganc
EUPATH_0047444,GANC,gates_ganc
EUPATH_0047445,GANC,gates_ganc
EUPATH_0047446,GANC,gates_ganc
EUPATH_0047447,GANC,gates_ganc
EUPATH_0047448,GANC,gates_ganc
EUPATH_0047449,GANC,gates_ganc
EUPATH_0047450,GANC,gates_ganc
EUPATH_0047452,GANC,gates_ganc
EUPATH_0047453,GANC,gates_ganc
EUPATH_0047454,GANC,gates_ganc
EUPATH_0047455,GANC,gates_ganc
EUPATH_0047456,GANC,gates_ganc
EUPATH_0047457,GANC,gates_ganc
EUPATH_0047458,GANC,gates_ganc
EUPATH_0047459,GANC,gates_ganc
EUPATH_0047460,GANC,gates_ganc
EUPATH_0047461,GANC,gates_ganc
EUPATH_0047462,GANC,gates_ganc
EUPATH_0047463,GANC,gates_ganc
EUPATH_0047464,GANC,gates_ganc
EUPATH_0047465,GANC,gates_ganc
EUPATH_0047466,GANC,gates_ganc
EUPATH_0047467,GANC,gates_ganc
EUPATH_0047468,GANC,gates_ganc
EUPATH_0047469,GANC,gates_ganc
EUPATH_0047470,GANC,gates_ganc
EUPATH_0047471,GANC,gates_ganc
EUPATH_0047472,GANC,gates_ganc
EUPATH_0047476,GANC,gates_ganc
EUPATH_0047481,GANC,gates_ganc
EUPATH_0047486,GANC,gates_ganc
EUPATH_0047489,GANC,gates_ganc
EUPATH_0047490,GANC,gates_ganc
EUPATH_0047491,GANC,gates_ganc
EUPATH_0047492,GANC,gates_ganc
EUPATH_0047494,GANC,gates_ganc
EUPATH_0047495,GANC,gates_ganc
EUPATH_0047496,GANC,gates_ganc
EUPATH_0047497,GANC,gates_ganc
EUPATH_0047498,GANC,gates_ganc
EUPATH_0047499,GANC,gates_ganc
EUPATH_0047500,GANC,gates_ganc
EUPATH_0047501,GANC,gates_ganc
EUPATH_0047502,GANC,gates_ganc
EUPATH_0047503,GANC,gates_ganc
EUPATH_0047504,GANC,gates_ganc
EUPATH_0047505,GANC,gates_ganc
EUPATH_0047506,GANC,gates_ganc
EUPATH_0047507,GANC,gates_ganc
EUPATH_0047508,GANC,gates_ganc
EUPATH_0047509,GANC,gates_ganc
EUPATH_0047510,GANC,gates_ganc
EUPATH_0047511,GANC,gates_ganc
EUPATH_0047512,GANC,gates_ganc
EUPATH_0047513,GANC,gates_ganc
EUPATH_0047514,GANC,gates_ganc
EUPATH_0047515,GANC,gates_ganc
EUPATH_0047516,GANC,gates_ganc
EUPATH_0047517,GANC,gates_ganc
EUPATH_0047518,GANC,gates_ganc
EUPATH_0047519,GANC,gates_ganc
EUPATH_0047520,GANC,gates_ganc
EUPATH_0047521,GANC,gates_ganc
EUPATH_0047522,GANC,gates_ganc
EUPATH_0047523,GANC,gates_ganc
EUPATH_0047524,GANC,gates_ganc
EUPATH_0047525,GANC,gates_ganc
EUPATH_0047526,GANC,gates_ganc
EUPATH_0047527,GANC,gates_ganc
EUPATH_0047528,GANC,gates_ganc
EUPATH_0047529,GANC,gates_ganc
EUPATH_0047530,GANC,gates_ganc
EUPATH_0047531,GANC,gates_ganc
EUPATH_0047532,GANC,gates_ganc
EUPATH_0047533,GANC,gates_ganc
EUPATH_0047534,GANC,gates_ganc
EUPATH_0047535,GANC,gates_ganc
EUPATH_0047536,GANC,gates_ganc
EUPATH_0047537,GANC,gates_ganc
EUPATH_0047538,GANC,gates_ganc
EUPATH_0047539,GANC,gates_ganc
EUPATH_0047540,GANC,gates_ganc
EUPATH_0047541,GANC,gates_ganc
EUPATH_0047542,GANC,gates_ganc
EUPATH_0047543,GANC,gates_ganc
EUPATH_0047544,GANC,gates_ganc
EUPATH_0047545,GANC,gates_ganc
EUPATH_0047546,GANC,gates_ganc
EUPATH_0047547,GANC,gates_ganc
EUPATH_0047548,GANC,gates_ganc
EUPATH_0047549,GANC,gates_ganc
EUPATH_0047550,GANC,gates_ganc
EUPATH_0047551,GANC,gates_ganc
EUPATH_0047552,GANC,gates_ganc
EUPATH_0047553,GANC,gates_ganc
EUPATH_0047554,GANC,gates_ganc
EUPATH_0047555,GANC,gates_ganc
EUPATH_0047556,GANC,gates_ganc
EUPATH_0047557,GANC,gates_ganc
EUPATH_0047558,GANC,gates_ganc
EUPATH_0047559,GANC,gates_ganc
EUPATH_0047560,GANC,gates_ganc
EUPATH_0047561,GANC,gates_ganc
EUPATH_0047562,GANC,gates_ganc
EUPATH_0047563,GANC,gates_ganc
EUPATH_0047564,GANC,gates_ganc
EUPATH_0047565,GANC,gates_ganc
EUPATH_0047566,GANC,gates_ganc
EUPATH_0047567,GANC,gates_ganc
EUPATH_0047568,GANC,gates_ganc
EUPATH_0047569,GANC,gates_ganc
EUPATH_0047570,GANC,gates_ganc
EUPATH_0047571,GANC,gates_ganc
EUPATH_0047572,GANC,gates_ganc
EUPATH_0047573,GANC,gates_ganc
EUPATH_0047574,GANC,gates_ganc
EUPATH_0047575,GANC,gates_ganc
EUPATH_0047576,GANC,gates_ganc
EUPATH_0047577,GANC,gates_ganc
EUPATH_0047578,GANC,gates_ganc
EUPATH_0047579,GANC,gates_ganc
EUPATH_0047580,GANC,gates_ganc
EUPATH_0047581,GANC,gates_ganc
EUPATH_0047582,GANC,gates_ganc
EUPATH_0047583,GANC,gates_ganc
EUPATH_0047584,GANC,gates_ganc
EUPATH_0047585,GANC,gates_ganc
EUPATH_0047586,GANC,gates_ganc
EUPATH_0047587,GANC,gates_ganc
EUPATH_0047588,GANC,gates_ganc
EUPATH_0047589,GANC,gates_ganc
EUPATH_0047590,GANC,gates_ganc
EUPATH_0047591,GANC,gates_ganc
EUPATH_0047592,GANC,gates_ganc
EUPATH_0047593,GANC,gates_ganc
EUPATH_0047594,GANC,gates_ganc
EUPATH_0047595,GANC,gates_ganc
EUPATH_0047596,GANC,gates_ganc
EUPATH_0047597,GANC,gates_ganc
EUPATH_0047598,GANC,gates_ganc
EUPATH_0047599,GANC,gates_ganc
EUPATH_0047600,GANC,gates_ganc
EUPATH_0047601,GANC,gates_ganc
EUPATH_0047602,GANC,gates_ganc
EUPATH_0047603,GANC,gates_ganc
EUPATH_0047604,GANC,gates_ganc
EUPATH_0047605,GANC,gates_ganc
EUPATH_0047606,GANC,gates_ganc
EUPATH_0047607,GANC,gates_ganc
EUPATH_0047608,GANC,gates_ganc
EUPATH_0047609,GANC,gates_ganc
EUPATH_0047610,GANC,gates_ganc
EUPATH_0047611,GANC,gates_ganc
EUPATH_0047612,GANC,gates_ganc
EUPATH_0047613,GANC,gates_ganc
EUPATH_0047614,GANC,gates_ganc
EUPATH_0047615,GANC,gates_ganc
EUPATH_0047616,GANC,gates_ganc
EUPATH_0047617,GANC,gates_ganc
EUPATH_0047618,GANC,gates_ganc
EUPATH_0047619,GANC,gates_ganc
EUPATH_0047620,GANC,gates_ganc
EUPATH_0047621,GANC,gates_ganc
EUPATH_0047622,GANC,gates_ganc
EUPATH_0047623,GANC,gates_ganc
EUPATH_0047624,GANC,gates_ganc
EUPATH_0047625,GANC,gates_ganc
EUPATH_0047626,GANC,gates_ganc
EUPATH_0047627,GANC,gates_ganc
EUPATH_0047628,GANC,gates_ganc
EUPATH_0047629,GANC,gates_ganc
EUPATH_0047630,GANC,gates_ganc
EUPATH_0047631,GANC,gates_ganc
EUPATH_0047632,GANC,gates_ganc
EUPATH_0047633,GANC,gates_ganc
EUPATH_0047634,GANC,gates_ganc
EUPATH_0047635,GANC,gates_ganc
EUPATH_0047636,GANC,gates_ganc
EUPATH_0047637,GANC,gates_ganc
EUPATH_0047638,GANC,gates_ganc
EUPATH_0047639,GANC,gates_ganc
EUPATH_0047640,GANC,gates_ganc
EUPATH_0047641,GANC,gates_ganc
EUPATH_0047642,GANC,gates_ganc
EUPATH_0047643,GANC,gates_ganc
EUPATH_0047644,GANC,gates_ganc
EUPATH_0047645,GANC,gates_ganc
EUPATH_0047646,GANC,gates_ganc
EUPATH_0047647,GANC,gates_ganc
EUPATH_0047648,GANC,gates_ganc
EUPATH_0047649,GANC,gates_ganc
EUPATH_0047650,GANC,gates_ganc
EUPATH_0047651,GANC,gates_ganc
EUPATH_0047652,GANC,gates_ganc
EUPATH_0047653,GANC,gates_ganc
EUPATH_0047654,GANC,gates_ganc
EUPATH_0047655,GANC,gates_ganc
EUPATH_0047656,GANC,gates_ganc
EUPATH_0047657,GANC,gates_ganc
EUPATH_0047659,GANC,gates_ganc
EUPATH_0047660,GANC,gates_ganc
EUPATH_0047661,GANC,gates_ganc
EUPATH_0047662,GANC,gates_ganc
EUPATH_0047663,GANC,gates_ganc
EUPATH_0047664,GANC,gates_ganc
EUPATH_0047665,GANC,gates_ganc
EUPATH_0047666,GANC,gates_ganc
EUPATH_0047667,GANC,gates_ganc
EUPATH_0047668,GANC,gates_ganc
EUPATH_0047669,GANC,gates_ganc
EUPATH_0047670,GANC,gates_ganc
EUPATH_0047671,GANC,gates_ganc
EUPATH_0047672,GANC,gates_ganc
EUPATH_0047673,GANC,gates_ganc
EUPATH_0047674,GANC,gates_ganc
EUPATH_0047675,GANC,gates_ganc
EUPATH_0047676,GANC,gates_ganc
EUPATH_0047677,GANC,gates_ganc
EUPATH_0047678,GANC,gates_ganc
EUPATH_0047679,GANC,gates_ganc
EUPATH_0047680,GANC,gates_ganc
EUPATH_0047681,GANC,gates_ganc
EUPATH_0047682,GANC,gates_ganc
EUPATH_0047683,GANC,gates_ganc
EUPATH_0047684,GANC,gates_ganc
EUPATH_0047685,GANC,gates_ganc
EUPATH_0047686,GANC,gates_ganc
EUPATH_0047687,GANC,gates_ganc
EUPATH_0047688,GANC,gates_ganc
EUPATH_0047689,GANC,gates_ganc
EUPATH_0047690,GANC,gates_ganc
EUPATH_0047691,GANC,gates_ganc
EUPATH_0047692,GANC,gates_ganc
EUPATH_0047693,GANC,gates_ganc
EUPATH_0047694,GANC,gates_ganc
EUPATH_0047695,GANC,gates_ganc
EUPATH_0047696,GANC,gates_ganc
EUPATH_0047697,GANC,gates_ganc
EUPATH_0047698,GANC,gates_ganc
EUPATH_0047699,GANC,gates_ganc
EUPATH_0047700,GANC,gates_ganc
EUPATH_0047701,GANC,gates_ganc
EUPATH_0047702,GANC,gates_ganc
EUPATH_0047703,GANC,gates_ganc
EUPATH_0047704,GANC,gates_ganc
EUPATH_0047705,GANC,gates_ganc
EUPATH_0047706,GANC,gates_ganc
EUPATH_0047707,GANC,gates_ganc
EUPATH_0047708,GANC,gates_ganc
EUPATH_0047709,GANC,gates_ganc
EUPATH_0047710,GANC,gates_ganc
EUPATH_0047711,GANC,gates_ganc
EUPATH_0047712,GANC,gates_ganc
EUPATH_0047713,GANC,gates_ganc
EUPATH_0047714,GANC,gates_ganc
EUPATH_0047715,GANC,gates_ganc
EUPATH_0047716,GANC,gates_ganc
EUPATH_0047717,GANC,gates_ganc
EUPATH_0047718,GANC,gates_ganc
EUPATH_0047719,GANC,gates_ganc
EUPATH_0047720,GANC,gates_ganc
EUPATH_0047721,GANC,gates_ganc
EUPATH_0047722,GANC,gates_ganc
EUPATH_0047723,GANC,gates_ganc
EUPATH_0047724,GANC,gates_ganc
EUPATH_0047725,GANC,gates_ganc
EUPATH_0047726,GANC,gates_ganc
EUPATH_0047727,GANC,gates_ganc
EUPATH_0047728,GANC,gates_ganc
EUPATH_0047729,GANC,gates_ganc
EUPATH_0047730,GANC,gates_ganc
EUPATH_0047731,GANC,gates_ganc
EUPATH_0047732,GANC,gates_ganc
EUPATH_0047733,GANC,gates_ganc
EUPATH_0047734,GANC,gates_ganc
EUPATH_0047735,GANC,gates_ganc
EUPATH_0047736,GANC,gates_ganc
EUPATH_0047737,GANC,gates_ganc
EUPATH_0047738,GANC,gates_ganc
EUPATH_0047739,GANC,gates_ganc
EUPATH_0047740,GANC,gates_ganc
EUPATH_0047741,GANC,gates_ganc
EUPATH_0047742,GANC,gates_ganc
EUPATH_0047743,GANC,gates_ganc
EUPATH_0047744,GANC,gates_ganc
EUPATH_0047745,GANC,gates_ganc
EUPATH_0047746,GANC,gates_ganc
EUPATH_0047747,GANC,gates_ganc
EUPATH_0047748,GANC,gates_ganc
EUPATH_0047749,GANC,gates_ganc
EUPATH_0047750,GANC,gates_ganc
EUPATH_0047751,GANC,gates_ganc
EUPATH_0047752,GANC,gates_ganc
EUPATH_0047753,GANC,gates_ganc
EUPATH_0047754,GANC,gates_ganc
EUPATH_0047755,GANC,gates_ganc
EUPATH_0047756,GANC,gates_ganc
EUPATH_0047757,GANC,gates_ganc
EUPATH_0047758,GANC,gates_ganc
EUPATH_0047759,GANC,gates_ganc
EUPATH_0047760,GANC,gates_ganc
EUPATH_0047761,GANC,gates_ganc
EUPATH_0047762,GANC,gates_ganc
EUPATH_0047763,GANC,gates_ganc
EUPATH_0047764,GANC,gates_ganc
EUPATH_0047765,GANC,gates_ganc
EUPATH_0047766,GANC,gates_ganc
EUPATH_0047767,GANC,gates_ganc
EUPATH_0047768,GANC,gates_ganc
EUPATH_0047769,GANC,gates_ganc
EUPATH_0047770,GANC,gates_ganc
EUPATH_0047771,GANC,gates_ganc
EUPATH_0047772,GANC,gates_ganc
EUPATH_0047773,GANC,gates_ganc
EUPATH_0047774,GANC,gates_ganc
EUPATH_0047775,GANC,gates_ganc
EUPATH_0047776,GANC,gates_ganc
EUPATH_0047777,GANC,gates_ganc
EUPATH_0047778,GANC,gates_ganc
EUPATH_0047779,GANC,gates_ganc
EUPATH_0047780,GANC,gates_ganc
EUPATH_0047781,GANC,gates_ganc
EUPATH_0047782,GANC,gates_ganc
EUPATH_0047783,GANC,gates_ganc
EUPATH_0047784,GANC,gates_ganc
EUPATH_0047785,GANC,gates_ganc
EUPATH_0047786,GANC,gates_ganc
EUPATH_0047787,GANC,gates_ganc
EUPATH_0047788,GANC,gates_ganc
EUPATH_0047789,GANC,gates_ganc
EUPATH_0047790,GANC,gates_ganc
EUPATH_0047791,GANC,gates_ganc
EUPATH_0047792,GANC,gates_ganc
EUPATH_0047793,GANC,gates_ganc
EUPATH_0047794,GANC,gates_ganc
EUPATH_0047795,GANC,gates_ganc
EUPATH_0047796,GANC,gates_ganc
EUPATH_0047797,GANC,gates_ganc
EUPATH_0047798,GANC,gates_ganc
EUPATH_0047799,GANC,gates_ganc
EUPATH_0047800,GANC,gates_ganc
EUPATH_0047801,GANC,gates_ganc
EUPATH_0047802,GANC,gates_ganc
EUPATH_0047803,GANC,gates_ganc
EUPATH_0047804,GANC,gates_ganc
EUPATH_0047805,GANC,gates_ganc
EUPATH_0047806,GANC,gates_ganc
EUPATH_0047807,GANC,gates_ganc
EUPATH_0047808,GANC,gates_ganc
EUPATH_0047809,GANC,gates_ganc
EUPATH_0047810,GANC,gates_ganc
EUPATH_0047811,GANC,gates_ganc
EUPATH_0047812,GANC,gates_ganc
EUPATH_0047813,GANC,gates_ganc
EUPATH_0047814,GANC,gates_ganc
EUPATH_0047815,GANC,gates_ganc
EUPATH_0047816,GANC,gates_ganc
EUPATH_0047817,GANC,gates_ganc
EUPATH_0047818,GANC,gates_ganc
EUPATH_0047819,GANC,gates_ganc
EUPATH_0047820,GANC,gates_ganc
EUPATH_0047821,GANC,gates_ganc
EUPATH_0047822,GANC,gates_ganc
EUPATH_0047823,GANC,gates_ganc
EUPATH_0047824,GANC,gates_ganc
EUPATH_0047825,GANC,gates_ganc
EUPATH_0047826,GANC,gates_ganc
EUPATH_0047827,GANC,gates_ganc
EUPATH_0047828,GANC,gates_ganc
EUPATH_0047829,GANC,gates_ganc
EUPATH_0047830,GANC,gates_ganc
EUPATH_0047831,GANC,gates_ganc
EUPATH_0047832,GANC,gates_ganc
EUPATH_0047833,GANC,gates_ganc
EUPATH_0047834,GANC,gates_ganc
EUPATH_0047835,GANC,gates_ganc
EUPATH_0047836,GANC,gates_ganc
EUPATH_0047837,GANC,gates_ganc
EUPATH_0047838,GANC,gates_ganc
EUPATH_0047839,GANC,gates_ganc
EUPATH_0047840,GANC,gates_ganc
EUPATH_0047841,GANC,gates_ganc
EUPATH_0047842,GANC,gates_ganc
EUPATH_0047843,GANC,gates_ganc
EUPATH_0047844,GANC,gates_ganc
EUPATH_0047845,GANC,gates_ganc
EUPATH_0047846,GANC,gates_ganc
EUPATH_0047847,GANC,gates_ganc
EUPATH_0047848,GANC,gates_ganc
EUPATH_0047849,GANC,gates_ganc
EUPATH_0047850,GANC,gates_ganc
EUPATH_0047851,GANC,gates_ganc
EUPATH_0047852,GANC,gates_ganc
EUPATH_0047853,GANC,gates_ganc
EUPATH_0047854,GANC,gates_ganc
EUPATH_0047855,GANC,gates_ganc
EUPATH_0047856,GANC,gates_ganc
EUPATH_0047857,GANC,gates_ganc
EUPATH_0047858,GANC,gates_ganc
EUPATH_0047859,GANC,gates_ganc
EUPATH_0047860,GANC,gates_ganc
EUPATH_0047861,GANC,gates_ganc
EUPATH_0047862,GANC,gates_ganc
EUPATH_0047863,GANC,gates_ganc
EUPATH_0047864,GANC,gates_ganc
EUPATH_0047865,GANC,gates_ganc
EUPATH_0047866,GANC,gates_ganc
EUPATH_0047867,GANC,gates_ganc
EUPATH_0047868,GANC,gates_ganc
EUPATH_0047869,GANC,gates_ganc
EUPATH_0047870,GANC,gates_ganc
EUPATH_0047871,GANC,gates_ganc
EUPATH_0047872,GANC,gates_ganc
EUPATH_0047873,GANC,gates_ganc
EUPATH_0047874,GANC,gates_ganc
EUPATH_0047875,GANC,gates_ganc
EUPATH_0047876,GANC,gates_ganc
EUPATH_0047877,GANC,gates_ganc
EUPATH_0047878,GANC,gates_ganc
EUPATH_0047879,GANC,gates_ganc
EUPATH_0047880,GANC,gates_ganc
EUPATH_0047881,GANC,gates_ganc
EUPATH_0047882,GANC,gates_ganc
EUPATH_0047883,GANC,gates_ganc
EUPATH_0047884,GANC,gates_ganc
EUPATH_0047885,GANC,gates_ganc
EUPATH_0047886,GANC,gates_ganc
EUPATH_0047887,GANC,gates_ganc
EUPATH_0047888,GANC,gates_ganc
EUPATH_0047889,GANC,gates_ganc
EUPATH_0047890,GANC,gates_ganc
EUPATH_0047891,GANC,gates_ganc
EUPATH_0047892,GANC,gates_ganc
EUPATH_0047893,GANC,gates_ganc
EUPATH_0047894,GANC,gates_ganc
EUPATH_0047895,GANC,gates_ganc
EUPATH_0047896,GANC,gates_ganc
EUPATH_0047897,GANC,gates_ganc
EUPATH_0047898,GANC,gates_ganc
EUPATH_0047899,GANC,gates_ganc
EUPATH_0047900,GANC,gates_ganc
EUPATH_0047901,GANC,gates_ganc
EUPATH_0047902,GANC,gates_ganc
EUPATH_0047903,GANC,gates_ganc
EUPATH_0047904,GANC,gates_ganc
EUPATH_0047905,GANC,gates_ganc
EUPATH_0047906,GANC,gates_ganc
EUPATH_0047907,GANC,gates_ganc
EUPATH_0047908,GANC,gates_ganc
EUPATH_0047909,GANC,gates_ganc
EUPATH_0047910,GANC,gates_ganc
EUPATH_0047911,GANC,gates_ganc
EUPATH_0047912,GANC,gates_ganc
EUPATH_0047913,GANC,gates_ganc
EUPATH_0047914,GANC,gates_ganc
EUPATH_0047915,GANC,gates_ganc
EUPATH_0047916,GANC,gates_ganc
EUPATH_0047917,GANC,gates_ganc
EUPATH_0047918,GANC,gates_ganc
EUPATH_0047919,GANC,gates_ganc
EUPATH_0047920,GANC,gates_ganc
EUPATH_0047921,GANC,gates_ganc
EUPATH_0047922,GANC,gates_ganc
EUPATH_0047923,GANC,gates_ganc
EUPATH_0047924,GANC,gates_ganc
EUPATH_0047925,GANC,gates_ganc
EUPATH_0047926,GANC,gates_ganc
EUPATH_0047927,GANC,gates_ganc
EUPATH_0047928,GANC,gates_ganc
EUPATH_0047929,GANC,gates_ganc
EUPATH_0047930,GANC,gates_ganc
EUPATH_0047931,GANC,gates_ganc
EUPATH_0047932,GANC,gates_ganc
EUPATH_0047933,GANC,gates_ganc
EUPATH_0047934,GANC,gates_ganc
EUPATH_0047935,GANC,gates_ganc
EUPATH_0047936,GANC,gates_ganc
EUPATH_0047937,GANC,gates_ganc
EUPATH_0047938,GANC,gates_ganc
EUPATH_0047939,GANC,gates_ganc
EUPATH_0047940,GANC,gates_ganc
EUPATH_0047941,GANC,gates_ganc
EUPATH_0047942,GANC,gates_ganc
EUPATH_0047943,GANC,gates_ganc
EUPATH_0047944,GANC,gates_ganc
EUPATH_0047945,GANC,gates_ganc
EUPATH_0047946,GANC,gates_ganc
EUPATH_0047947,GANC,gates_ganc
EUPATH_0047948,GANC,gates_ganc
EUPATH_0047949,GANC,gates_ganc
EUPATH_0047950,GANC,gates_ganc
EUPATH_0047951,GANC,gates_ganc
EUPATH_0047952,GANC,gates_ganc
EUPATH_0047953,GANC,gates_ganc
EUPATH_0047954,GANC,gates_ganc
EUPATH_0047955,GANC,gates_ganc
EUPATH_0047956,GANC,gates_ganc
EUPATH_0047957,GANC,gates_ganc
EUPATH_0047958,GANC,gates_ganc
EUPATH_0047959,GANC,gates_ganc
EUPATH_0047960,GANC,gates_ganc
EUPATH_0047961,GANC,gates_ganc
EUPATH_0047962,GANC,gates_ganc
EUPATH_0047963,GANC,gates_ganc
EUPATH_0047964,GANC,gates_ganc
EUPATH_0047965,GANC,gates_ganc
EUPATH_0047966,GANC,gates_ganc
EUPATH_0047967,GANC,gates_ganc
EUPATH_0047968,GANC,gates_ganc
EUPATH_0047969,GANC,gates_ganc
EUPATH_0047970,GANC,gates_ganc
EUPATH_0047971,GANC,gates_ganc
EUPATH_0047972,GANC,gates_ganc
EUPATH_0047973,GANC,gates_ganc
EUPATH_0047974,GANC,gates_ganc
EUPATH_0047975,GANC,gates_ganc
EUPATH_0047976,GANC,gates_ganc
EUPATH_0047977,GANC,gates_ganc
EUPATH_0047978,GANC,gates_ganc
EUPATH_0047979,GANC,gates_ganc
EUPATH_0047980,GANC,gates_ganc
EUPATH_0047981,GANC,gates_ganc
EUPATH_0047982,GANC,gates_ganc
EUPATH_0047983,GANC,gates_ganc
EUPATH_0047984,GANC,gates_ganc
EUPATH_0047985,GANC,gates_ganc
EUPATH_0047986,GANC,gates_ganc
EUPATH_0047987,GANC,gates_ganc
EUPATH_0047988,GANC,gates_ganc
EUPATH_0047989,GANC,gates_ganc
EUPATH_0047990,GANC,gates_ganc
EUPATH_0047991,GANC,gates_ganc
EUPATH_0047992,GANC,gates_ganc
EUPATH_0047993,GANC,gates_ganc
EUPATH_0047994,GANC,gates_ganc
EUPATH_0047995,GANC,gates_ganc
EUPATH_0047996,GANC,gates_ganc
EUPATH_0047997,GANC,gates_ganc
EUPATH_0047998,GANC,gates_ganc
EUPATH_0047999,GANC,gates_ganc
EUPATH_0048000,GANC,gates_ganc
EUPATH_0048001,SHINE,gates_shine
EUPATH_0048002,SHINE,gates_shine
EUPATH_0048003,SHINE,gates_shine
EUPATH_0048004,SHINE,gates_shine
EUPATH_0048005,SHINE,gates_shine
EUPATH_0048006,SHINE,gates_shine
EUPATH_0048007,SHINE,gates_shine
EUPATH_0048008,SHINE,gates_shine
EUPATH_0048009,SHINE,gates_shine
EUPATH_0048010,SHINE,gates_shine
EUPATH_0048012,SHINE,gates_shine
EUPATH_0048013,SHINE,gates_shine
EUPATH_0048014,SHINE,gates_shine
EUPATH_0048015,SHINE,gates_shine
EUPATH_0048016,SHINE,gates_shine
EUPATH_0048017,SHINE,gates_shine
EUPATH_0048018,SHINE,gates_shine
EUPATH_0048019,SHINE,gates_shine
EUPATH_0048020,SHINE,gates_shine
EUPATH_0048021,SHINE,gates_shine
EUPATH_0048022,SHINE,gates_shine
EUPATH_0048023,SHINE,gates_shine
EUPATH_0048024,SHINE,gates_shine
EUPATH_0048025,SHINE,gates_shine
EUPATH_0048026,SHINE,gates_shine
EUPATH_0048027,"avenir,baseline",gates_avenir
EUPATH_0048027,SHINE,gates_shine
EUPATH_0048028,SHINE,gates_shine
EUPATH_0048029,SHINE,gates_shine
EUPATH_0048030,SHINE,gates_shine
EUPATH_0048031,SHINE,gates_shine
EUPATH_0048032,SHINE,gates_shine
EUPATH_0048033,SHINE,gates_shine
EUPATH_0048034,ELICIT,gates_elicit
EUPATH_0048034,SHINE,gates_shine
EUPATH_0048035,SHINE,gates_shine
EUPATH_0048036,SHINE,gates_shine
EUPATH_0048037,SHINE,gates_shine
EUPATH_0048038,SHINE,gates_shine
EUPATH_0048039,SHINE,gates_shine
EUPATH_0048040,SHINE,gates_shine
EUPATH_0048041,SHINE,gates_shine
EUPATH_0048042,SHINE,gates_shine
EUPATH_0048043,SHINE,gates_shine
EUPATH_0048044,SHINE,gates_shine
EUPATH_0048045,SHINE,gates_shine
EUPATH_0048046,ELICIT,gates_elicit
EUPATH_0048046,SHINE,gates_shine
EUPATH_0048047,SHINE,gates_shine
EUPATH_0048048,SHINE,gates_shine
EUPATH_0048051,SHINE,gates_shine
EUPATH_0048052,ELICIT,gates_elicit
EUPATH_0048055,SHINE,gates_shine
EUPATH_0048056,SHINE,gates_shine
EUPATH_0048057,SHINE,gates_shine
EUPATH_0048058,SHINE,gates_shine
EUPATH_0048059,SHINE,gates_shine
EUPATH_0048060,SHINE,gates_shine
EUPATH_0048061,SHINE,gates_shine
EUPATH_0048063,SHINE,gates_shine
EUPATH_0048064,SHINE,gates_shine
EUPATH_0048066,SIP,gates_sip
EUPATH_0048068,SHINE,gates_shine
EUPATH_0048069,SHINE,gates_shine
EUPATH_0048070,SHINE,gates_shine
EUPATH_0048071,SHINE,gates_shine
EUPATH_0048075,SHINE,gates_shine
EUPATH_0048076,SHINE,gates_shine
EUPATH_0048083,SIP,gates_sip
EUPATH_0048086,SHINE,gates_shine
EUPATH_0048087,SHINE,gates_shine
EUPATH_0048088,SHINE,gates_shine
EUPATH_0048089,SHINE,gates_shine
EUPATH_0048090,SHINE,gates_shine
EUPATH_0048091,SHINE,gates_shine
EUPATH_0048092,SHINE,gates_shine
EUPATH_0048093,SHINE,gates_shine
EUPATH_0048094,SHINE,gates_shine
EUPATH_0048095,SHINE,gates_shine
EUPATH_0048159,SHINE,gates_shine
EUPATH_0048160,SHINE,gates_shine
EUPATH_0048164,SHINE,gates_shine
EUPATH_0048165,SHINE,gates_shine
EUPATH_0048166,SHINE,gates_shine
EUPATH_0048168,SHINE,gates_shine
EUPATH_0048169,SHINE,gates_shine
EUPATH_0048170,SHINE,gates_shine
EUPATH_0048172,SHINE,gates_shine
EUPATH_0048173,SHINE,gates_shine
EUPATH_0048174,SHINE,gates_shine
EUPATH_0048175,SHINE,gates_shine
EUPATH_0048178,SHINE,gates_shine
EUPATH_0048179,SHINE,gates_shine
EUPATH_0048180,SHINE,gates_shine
EUPATH_0048181,SHINE,gates_shine
EUPATH_0048182,SHINE,gates_shine
EUPATH_0048185,SHINE,gates_shine
EUPATH_0048186,SHINE,gates_shine
EUPATH_0048191,SHINE,gates_shine
EUPATH_0048192,SHINE,gates_shine
EUPATH_0048201,SHINE,gates_shine
EUPATH_0048202,SHINE,gates_shine
EUPATH_0048203,SHINE,gates_shine
EUPATH_0048204,SHINE,gates_shine
EUPATH_0048205,SHINE,gates_shine
EUPATH_0048206,SHINE,gates_shine
EUPATH_0048207,SHINE,gates_shine
EUPATH_0048208,SHINE,gates_shine
EUPATH_0048209,SHINE,gates_shine
EUPATH_0048210,SHINE,gates_shine
EUPATH_0048211,SHINE,gates_shine
EUPATH_0048212,SHINE,gates_shine
EUPATH_0048213,SHINE,gates_shine
EUPATH_0048214,SHINE,gates_shine
EUPATH_0048226,SHINE,gates_shine
EUPATH_0048230,SHINE,gates_shine
EUPATH_0048232,SHINE,gates_shine
EUPATH_0048233,SHINE,gates_shine
EUPATH_0048235,SHINE,gates_shine
EUPATH_0048236,SHINE,gates_shine
EUPATH_0048237,SHINE,gates_shine
EUPATH_0048249,SHINE,gates_shine
EUPATH_0048251,SHINE,gates_shine
EUPATH_0048252,SHINE,gates_shine
EUPATH_0048253,GAMIN RCT,gates_gamin
EUPATH_0048253,SHINE,gates_shine
EUPATH_0048254,SHINE,gates_shine
EUPATH_0048255,SHINE,gates_shine
EUPATH_0048256,SHINE,gates_shine
EUPATH_0048257,SHINE,gates_shine
EUPATH_0048258,SHINE,gates_shine
EUPATH_0048259,SHINE,gates_shine
EUPATH_0048260,SHINE,gates_shine
EUPATH_0048261,SHINE,gates_shine
EUPATH_0048262,SHINE,gates_shine
EUPATH_0048263,SHINE,gates_shine
EUPATH_0048264,SHINE,gates_shine
EUPATH_0048265,SHINE,gates_shine
EUPATH_0048266,SHINE,gates_shine
EUPATH_0048267,SHINE,gates_shine
EUPATH_0048268,SHINE,gates_shine
EUPATH_0048269,SHINE,gates_shine
EUPATH_0048270,SHINE,gates_shine
EUPATH_0048271,SHINE,gates_shine
EUPATH_0048272,SHINE,gates_shine
EUPATH_0048273,SHINE,gates_shine
EUPATH_0048274,SHINE,gates_shine
EUPATH_0048275,SHINE,gates_shine
EUPATH_0048276,SHINE,gates_shine
EUPATH_0048277,SHINE,gates_shine
EUPATH_0048278,SHINE,gates_shine
EUPATH_0048279,SHINE,gates_shine
EUPATH_0048280,SHINE,gates_shine
EUPATH_0048281,SHINE,gates_shine
EUPATH_0048282,SHINE,gates_shine
EUPATH_0048283,SHINE,gates_shine
EUPATH_0048284,SHINE,gates_shine
EUPATH_0049007,India ICEMR Meghalaya Cohort,icemr_india_meghalaya
EUPATH_0049108,SIP,gates_sip
EUPATH_0049201,GAMIN RCT,gates_gamin
EUPATH_0049203,"avenir,baseline",gates_avenir
EUPATH_0049203,GAMIN RCT,gates_gamin
EUPATH_0049203,SHINE,gates_shine
EUPATH_0049204,GAMIN RCT,gates_gamin
EUPATH_0049205,GAMIN RCT,gates_gamin
EUPATH_0049206,GAMIN RCT,gates_gamin
EUPATH_0049207,GAMIN RCT,gates_gamin
EUPATH_0049208,GAMIN RCT,gates_gamin
EUPATH_0049209,GAMIN RCT,gates_gamin
EUPATH_0049210,GAMIN RCT,gates_gamin
EUPATH_0049211,"avenir,baseline",gates_avenir
EUPATH_0049211,GAMIN RCT,gates_gamin
EUPATH_0049212,"avenir,baseline",gates_avenir
EUPATH_0049212,GAMIN RCT,gates_gamin
EUPATH_0049213,GAMIN RCT,gates_gamin
EUPATH_0049214,GAMIN RCT,gates_gamin
EUPATH_0049215,GAMIN RCT,gates_gamin
EUPATH_0049216,GAMIN RCT,gates_gamin
EUPATH_0049217,GAMIN RCT,gates_gamin
EUPATH_0049218,GAMIN RCT,gates_gamin
EUPATH_0049219,GAMIN RCT,gates_gamin
EUPATH_0049220,GAMIN RCT,gates_gamin
EUPATH_0049221,GAMIN RCT,gates_gamin
EUPATH_0049222,GAMIN RCT,gates_gamin
EUPATH_0049223,GAMIN RCT,gates_gamin
EUPATH_0049224,GAMIN RCT,gates_gamin
EUPATH_0049225,GAMIN RCT,gates_gamin
EUPATH_0049226,GAMIN RCT,gates_gamin
EUPATH_0049227,GAMIN RCT,gates_gamin
EUPATH_0049229,GAMIN RCT,gates_gamin
EUPATH_0049233,GAMIN RCT,gates_gamin
EUPATH_0049234,GAMIN RCT,gates_gamin
EUPATH_0049235,GAMIN RCT,gates_gamin
EUPATH_0049236,GAMIN RCT,gates_gamin
EUPATH_0049237,GAMIN RCT,gates_gamin
EUPATH_0049238,GAMIN RCT,gates_gamin
EUPATH_0049239,GAMIN RCT,gates_gamin
EUPATH_0049240,"avenir,baseline",gates_avenir
EUPATH_0049240,GAMIN RCT,gates_gamin
EUPATH_0049241,"avenir,baseline",gates_avenir
EUPATH_0049241,GAMIN RCT,gates_gamin
EUPATH_0049242,"avenir,baseline",gates_avenir
EUPATH_0049242,GAMIN RCT,gates_gamin
EUPATH_0049242,mordor,gates_mordor
EUPATH_0049243,"avenir,baseline",gates_avenir
EUPATH_0049243,GAMIN RCT,gates_gamin
EUPATH_0049244,GAMIN RCT,gates_gamin
EUPATH_0049245,GAMIN RCT,gates_gamin
EUPATH_0049246,GAMIN RCT,gates_gamin
EUPATH_0049247,GAMIN RCT,gates_gamin
EUPATH_0049248,GAMIN RCT,gates_gamin
EUPATH_0049249,GAMIN RCT,gates_gamin
EUPATH_0049401,ELICIT,gates_elicit
EUPATH_0049402,ELICIT,gates_elicit
EUPATH_0049403,ELICIT,gates_elicit
EUPATH_0049404,ELICIT,gates_elicit
EUPATH_0049405,ELICIT,gates_elicit
EUPATH_0049406,ELICIT,gates_elicit
EUPATH_0049407,ELICIT,gates_elicit
EUPATH_0049408,ELICIT,gates_elicit
EUPATH_0049409,ELICIT,gates_elicit
EUPATH_0049410,ELICIT,gates_elicit
EUPATH_0049411,ELICIT,gates_elicit
EUPATH_0049412,ELICIT,gates_elicit
EUPATH_0049413,ELICIT,gates_elicit
EUPATH_0049414,ELICIT,gates_elicit
EUPATH_0049415,ELICIT,gates_elicit
EUPATH_0049416,ELICIT,gates_elicit
EUPATH_0049417,ELICIT,gates_elicit
EUPATH_0049418,ELICIT,gates_elicit
EUPATH_0049419,ELICIT,gates_elicit
EUPATH_0049420,ELICIT,gates_elicit
EUPATH_0049421,ELICIT,gates_elicit
EUPATH_0049422,ELICIT,gates_elicit
EUPATH_0049423,ELICIT,gates_elicit
EUPATH_0049424,ELICIT,gates_elicit
EUPATH_0049425,ELICIT,gates_elicit
EUPATH_0049426,ELICIT,gates_elicit
EUPATH_0049427,ELICIT,gates_elicit
EUPATH_0049428,ELICIT,gates_elicit
EUPATH_0049429,ELICIT,gates_elicit
EUPATH_0049430,ELICIT,gates_elicit
EUPATH_0049431,ELICIT,gates_elicit
EUPATH_0049432,ELICIT,gates_elicit
EUPATH_0049433,ELICIT,gates_elicit
EUPATH_0049434,ELICIT,gates_elicit
EUPATH_0049435,ELICIT,gates_elicit
EUPATH_0049436,ELICIT,gates_elicit
EUPATH_0049437,ELICIT,gates_elicit
EUPATH_0049438,ELICIT,gates_elicit
EUPATH_0049441,ELICIT,gates_elicit
EUPATH_0049442,ELICIT,gates_elicit
EUPATH_0049443,ELICIT,gates_elicit
EUPATH_0049444,ELICIT,gates_elicit
EUPATH_0049445,ELICIT,gates_elicit
EUPATH_0049446,ELICIT,gates_elicit
EUPATH_0049447,ELICIT,gates_elicit
EUPATH_0049448,ELICIT,gates_elicit
EUPATH_0049449,ELICIT,gates_elicit
EUPATH_0049451,ELICIT,gates_elicit
EUPATH_0049453,ELICIT,gates_elicit
EUPATH_0049454,ELICIT,gates_elicit
EUPATH_0049455,ELICIT,gates_elicit
EUPATH_0049601,GANC,gates_ganc
EUPATH_0049602,GANC,gates_ganc
EUPATH_0049603,GANC,gates_ganc
EUPATH_0049604,GANC,gates_ganc
EUPATH_0049605,GANC,gates_ganc
EUPATH_0049606,GANC,gates_ganc
EUPATH_0049607,GANC,gates_ganc
EUPATH_0049608,GANC,gates_ganc
EUPATH_0049609,GANC,gates_ganc
EUPATH_0049610,GANC,gates_ganc
EUPATH_0049611,GANC,gates_ganc
EUPATH_0049612,GANC,gates_ganc
EUPATH_0049613,GANC,gates_ganc
EUPATH_0049614,GANC,gates_ganc
EUPATH_0049615,GANC,gates_ganc
EUPATH_0049616,GANC,gates_ganc
EUPATH_0049617,GANC,gates_ganc
EUPATH_0049618,GANC,gates_ganc
EUPATH_0049619,GANC,gates_ganc
EUPATH_0049620,GANC,gates_ganc
EUPATH_0049621,GANC,gates_ganc
EUPATH_0049622,GANC,gates_ganc
EUPATH_0049623,GANC,gates_ganc
EUPATH_0049624,GANC,gates_ganc
EUPATH_0049625,GANC,gates_ganc
EUPATH_0049626,GANC,gates_ganc
EUPATH_0049627,GANC,gates_ganc
EUPATH_0049628,GANC,gates_ganc
EUPATH_0049629,GANC,gates_ganc
EUPATH_0049630,GANC,gates_ganc
EUPATH_0049631,GANC,gates_ganc
EUPATH_0049632,GANC,gates_ganc
EUPATH_0049633,GANC,gates_ganc
EUPATH_0049634,GANC,gates_ganc
EUPATH_0049635,GANC,gates_ganc
EUPATH_0049636,GANC,gates_ganc
EUPATH_0049637,GANC,gates_ganc
EUPATH_0049638,GANC,gates_ganc
EUPATH_0049639,GANC,gates_ganc
EUPATH_0049640,GANC,gates_ganc
EUPATH_0049641,GANC,gates_ganc
EUPATH_0049642,GANC,gates_ganc
EUPATH_0049643,GANC,gates_ganc
EUPATH_0049644,GANC,gates_ganc
EUPATH_0049645,GANC,gates_ganc
EUPATH_0049646,GANC,gates_ganc
EUPATH_0049647,GANC,gates_ganc
EUPATH_0049648,GANC,gates_ganc
EUPATH_0049649,GANC,gates_ganc
EUPATH_0049650,GANC,gates_ganc
EUPATH_0049651,GANC,gates_ganc
EUPATH_0049652,GANC,gates_ganc
EUPATH_0049653,GANC,gates_ganc
EUPATH_0049654,GANC,gates_ganc
EUPATH_0049655,GANC,gates_ganc
EUPATH_0049656,GANC,gates_ganc
EUPATH_0049657,GANC,gates_ganc
EUPATH_0049658,GANC,gates_ganc
EUPATH_0049659,GANC,gates_ganc
EUPATH_0049660,GANC,gates_ganc
EUPATH_0049661,GANC,gates_ganc
EUPATH_0049662,GANC,gates_ganc
EUPATH_0049663,GANC,gates_ganc
EUPATH_0049664,GANC,gates_ganc
EUPATH_0049665,GANC,gates_ganc
EUPATH_0049666,GANC,gates_ganc
EUPATH_0049667,GANC,gates_ganc
EUPATH_0049668,GANC,gates_ganc
EUPATH_0049669,GANC,gates_ganc
EUPATH_0049670,GANC,gates_ganc
EUPATH_0049671,GANC,gates_ganc
EUPATH_0049672,GANC,gates_ganc
EUPATH_0049673,GANC,gates_ganc
EUPATH_0049674,GANC,gates_ganc
EUPATH_0049675,GANC,gates_ganc
EUPATH_0049676,GANC,gates_ganc
EUPATH_0049677,GANC,gates_ganc
EUPATH_0049678,GANC,gates_ganc
EUPATH_0049679,GANC,gates_ganc
EUPATH_0049680,GANC,gates_ganc
EUPATH_0049681,GANC,gates_ganc
EUPATH_0049682,GANC,gates_ganc
EUPATH_0049683,GANC,gates_ganc
EUPATH_0049684,GANC,gates_ganc
EUPATH_0049685,GANC,gates_ganc
EUPATH_0049686,GANC,gates_ganc
EUPATH_0049687,GANC,gates_ganc
EUPATH_0049688,GANC,gates_ganc
EUPATH_0049689,GANC,gates_ganc
EUPATH_0049690,GANC,gates_ganc
EUPATH_0049691,GANC,gates_ganc
EUPATH_0049692,GANC,gates_ganc
EUPATH_0049693,GANC,gates_ganc
EUPATH_0049694,GANC,gates_ganc
EUPATH_0049695,GANC,gates_ganc
EUPATH_0049696,GANC,gates_ganc
EUPATH_0049697,GANC,gates_ganc
EUPATH_0049698,GANC,gates_ganc
EUPATH_0049699,GANC,gates_ganc
EUPATH_0049700,GANC,gates_ganc
EUPATH_0049701,GANC,gates_ganc
EUPATH_0049702,GANC,gates_ganc
EUPATH_0049703,GANC,gates_ganc
EUPATH_0049704,GANC,gates_ganc
EUPATH_0049705,GANC,gates_ganc
EUPATH_0049706,GANC,gates_ganc
EUPATH_0049707,GANC,gates_ganc
EUPATH_0049708,GANC,gates_ganc
EUPATH_0049709,GANC,gates_ganc
EUPATH_0049710,GANC,gates_ganc
EUPATH_0049711,GANC,gates_ganc
EUPATH_0049712,GANC,gates_ganc
EUPATH_0049713,GANC,gates_ganc
EUPATH_0049714,GANC,gates_ganc
EUPATH_0049715,GANC,gates_ganc
EUPATH_0049716,GANC,gates_ganc
EUPATH_0049717,GANC,gates_ganc
EUPATH_0049718,GANC,gates_ganc
EUPATH_0049719,GANC,gates_ganc
EUPATH_0049720,GANC,gates_ganc
EUPATH_0049721,GANC,gates_ganc
EUPATH_0049722,GANC,gates_ganc
EUPATH_0049723,GANC,gates_ganc
EUPATH_0049724,GANC,gates_ganc
EUPATH_0049725,GANC,gates_ganc
EUPATH_0049726,GANC,gates_ganc
EUPATH_0049727,GANC,gates_ganc
EUPATH_0049728,GANC,gates_ganc
EUPATH_0049729,GANC,gates_ganc
EUPATH_0049730,GANC,gates_ganc
EUPATH_0049731,GANC,gates_ganc
EUPATH_0049732,GANC,gates_ganc
EUPATH_0049733,GANC,gates_ganc
EUPATH_0049734,GANC,gates_ganc
EUPATH_0049735,GANC,gates_ganc
EUPATH_0049736,GANC,gates_ganc
EUPATH_0049737,GANC,gates_ganc
EUPATH_0049738,GANC,gates_ganc
EUPATH_0049739,GANC,gates_ganc
EUPATH_0049740,GANC,gates_ganc
EUPATH_0049741,GANC,gates_ganc
EUPATH_0049742,GANC,gates_ganc
EUPATH_0049743,GANC,gates_ganc
EUPATH_0049744,GANC,gates_ganc
EUPATH_0049745,GANC,gates_ganc
EUPATH_0049746,GANC,gates_ganc
EUPATH_0049747,GANC,gates_ganc
EUPATH_0049748,GANC,gates_ganc
EUPATH_0049749,GANC,gates_ganc
EUPATH_0049750,GANC,gates_ganc
EUPATH_0049751,GANC,gates_ganc
EUPATH_0049752,GANC,gates_ganc
EUPATH_0049753,GANC,gates_ganc
EUPATH_0049754,GANC,gates_ganc
EUPATH_0049755,GANC,gates_ganc
EUPATH_0049756,GANC,gates_ganc
EUPATH_0049757,GANC,gates_ganc
EUPATH_0049758,GANC,gates_ganc
EUPATH_0049759,GANC,gates_ganc
EUPATH_0049760,GANC,gates_ganc
EUPATH_0049761,GANC,gates_ganc
EUPATH_0049762,GANC,gates_ganc
EUPATH_0049763,GANC,gates_ganc
EUPATH_0049764,GANC,gates_ganc
EUPATH_0049765,GANC,gates_ganc
EUPATH_0049766,GANC,gates_ganc
EUPATH_0049767,GANC,gates_ganc
EUPATH_0049768,GANC,gates_ganc
EUPATH_0049769,GANC,gates_ganc
EUPATH_0049770,GANC,gates_ganc
EUPATH_0049771,GANC,gates_ganc
EUPATH_0049772,GANC,gates_ganc
EUPATH_0049773,GANC,gates_ganc
EUPATH_0049774,GANC,gates_ganc
EUPATH_0049775,GANC,gates_ganc
EUPATH_0049776,GANC,gates_ganc
EUPATH_0049777,GANC,gates_ganc
EUPATH_0049778,GANC,gates_ganc
EUPATH_0049779,GANC,gates_ganc
EUPATH_0049780,GANC,gates_ganc
EUPATH_0049781,GANC,gates_ganc
EUPATH_0049782,GANC,gates_ganc
EUPATH_0049783,GANC,gates_ganc
EUPATH_0049784,GANC,gates_ganc
EUPATH_0049785,GANC,gates_ganc
EUPATH_0049786,GANC,gates_ganc
EUPATH_0049787,GANC,gates_ganc
EUPATH_0049788,GANC,gates_ganc
EUPATH_0049789,GANC,gates_ganc
EUPATH_0049790,GANC,gates_ganc
EUPATH_0049791,GANC,gates_ganc
EUPATH_0049792,GANC,gates_ganc
EUPATH_0049793,GANC,gates_ganc
EUPATH_0049794,GANC,gates_ganc
EUPATH_0049795,GANC,gates_ganc
EUPATH_0049796,GANC,gates_ganc
EUPATH_0049797,GANC,gates_ganc
EUPATH_0049798,GANC,gates_ganc
EUPATH_0049799,GANC,gates_ganc
EUPATH_0049800,GANC,gates_ganc
EUPATH_0049801,GANC,gates_ganc
EUPATH_0049802,GANC,gates_ganc
EUPATH_0049803,GANC,gates_ganc
EUPATH_0049804,GANC,gates_ganc
EUPATH_0049805,GANC,gates_ganc
EUPATH_0049806,GANC,gates_ganc
EUPATH_0049807,GANC,gates_ganc
EUPATH_0049808,GANC,gates_ganc
EUPATH_0049809,GANC,gates_ganc
EUPATH_0049810,GANC,gates_ganc
EUPATH_0049811,GANC,gates_ganc
EUPATH_0049812,GANC,gates_ganc
EUPATH_0049813,GANC,gates_ganc
EUPATH_0049814,GANC,gates_ganc
EUPATH_0049815,GANC,gates_ganc
EUPATH_0049816,GANC,gates_ganc
EUPATH_0049817,GANC,gates_ganc
EUPATH_0049818,GANC,gates_ganc
EUPATH_0049819,GANC,gates_ganc
EUPATH_0049820,GANC,gates_ganc
EUPATH_0049821,GANC,gates_ganc
EUPATH_0049822,GANC,gates_ganc
EUPATH_0049823,GANC,gates_ganc
EUPATH_0049824,GANC,gates_ganc
EUPATH_0049825,GANC,gates_ganc
EUPATH_0049826,GANC,gates_ganc
EUPATH_0049827,GANC,gates_ganc
EUPATH_0049828,GANC,gates_ganc
EUPATH_0049829,GANC,gates_ganc
EUPATH_0049830,GANC,gates_ganc
EUPATH_0049831,GANC,gates_ganc
EUPATH_0049832,GANC,gates_ganc
EUPATH_0049833,GANC,gates_ganc
EUPATH_0049834,GANC,gates_ganc
EUPATH_0049835,GANC,gates_ganc
EUPATH_0049836,GANC,gates_ganc
EUPATH_0049837,GANC,gates_ganc
EUPATH_0049838,GANC,gates_ganc
EUPATH_0049839,GANC,gates_ganc
EUPATH_0049840,GANC,gates_ganc
EUPATH_0049841,GANC,gates_ganc
EUPATH_0049842,GANC,gates_ganc
EUPATH_0049843,GANC,gates_ganc
EUPATH_0049844,GANC,gates_ganc
EUPATH_0049845,GANC,gates_ganc
EUPATH_0049846,GANC,gates_ganc
EUPATH_0049847,GANC,gates_ganc
EUPATH_0049848,GANC,gates_ganc
EUPATH_0049849,GANC,gates_ganc
EUPATH_0049850,GANC,gates_ganc
EUPATH_0049851,GANC,gates_ganc
EUPATH_0050002,"avenir,baseline",gates_avenir
EUPATH_0050002,mordor,gates_mordor
EUPATH_0050007,mordor,gates_mordor
EUPATH_0050008,mordor,gates_mordor
EUPATH_0050009,mordor,gates_mordor
EUPATH_0050010,mordor,gates_mordor
EUPATH_0050011,mordor,gates_mordor
EUPATH_0050101,Myanmar ICEMR,icemr_myanmar
EUPATH_0050102,Myanmar ICEMR,icemr_myanmar
EUPATH_0050103,Myanmar ICEMR,icemr_myanmar
EUPATH_0050104,Myanmar ICEMR,icemr_myanmar
EUPATH_0050105,Myanmar ICEMR,icemr_myanmar
EUPATH_0050106,Myanmar ICEMR,icemr_myanmar
EUPATH_0050107,Myanmar ICEMR,icemr_myanmar
EUPATH_0050108,Myanmar ICEMR,icemr_myanmar
EUPATH_0050109,Myanmar ICEMR,icemr_myanmar
EUPATH_0050110,Myanmar ICEMR,icemr_myanmar
EUPATH_0050111,Myanmar ICEMR,icemr_myanmar
EUPATH_0050112,Myanmar ICEMR,icemr_myanmar
EUPATH_0050113,Myanmar ICEMR,icemr_myanmar
EUPATH_0050114,Myanmar ICEMR,icemr_myanmar
EUPATH_0050115,Myanmar ICEMR,icemr_myanmar
EUPATH_0050116,Myanmar ICEMR,icemr_myanmar
EUPATH_0050117,Myanmar ICEMR,icemr_myanmar
EUPATH_0050118,Myanmar ICEMR,icemr_myanmar
EUPATH_0050119,Myanmar ICEMR,icemr_myanmar
EUPATH_0050120,Myanmar ICEMR,icemr_myanmar
EUPATH_0050121,Myanmar ICEMR,icemr_myanmar
EUPATH_0050122,Myanmar ICEMR,icemr_myanmar
EUPATH_0050123,Myanmar ICEMR,icemr_myanmar
EUPATH_0050124,Myanmar ICEMR,icemr_myanmar
EUPATH_0050125,Myanmar ICEMR,icemr_myanmar
EUPATH_0050126,Myanmar ICEMR,icemr_myanmar
EUPATH_0050127,Myanmar ICEMR,icemr_myanmar
EUPATH_0050128,Myanmar ICEMR,icemr_myanmar
EUPATH_0050129,Myanmar ICEMR,icemr_myanmar
EUPATH_0050130,Myanmar ICEMR,icemr_myanmar
EUPATH_0050131,Myanmar ICEMR,icemr_myanmar
EUPATH_0050132,Myanmar ICEMR,icemr_myanmar
EUPATH_0050133,Myanmar ICEMR,icemr_myanmar
EUPATH_0050134,Myanmar ICEMR,icemr_myanmar
EUPATH_0050135,Myanmar ICEMR,icemr_myanmar
EUPATH_0050136,Myanmar ICEMR,icemr_myanmar
EUPATH_0050137,Myanmar ICEMR,icemr_myanmar
EUPATH_0050138,Myanmar ICEMR,icemr_myanmar
EUPATH_0050140,Myanmar ICEMR,icemr_myanmar
EUPATH_0050141,Myanmar ICEMR,icemr_myanmar
EUPATH_0050143,Myanmar ICEMR,icemr_myanmar
EUPATH_0050145,Myanmar ICEMR,icemr_myanmar
EUPATH_0050146,Myanmar ICEMR,icemr_myanmar
EUPATH_0050147,Myanmar ICEMR,icemr_myanmar
EUPATH_0050148,Myanmar ICEMR,icemr_myanmar
EUPATH_0050149,Myanmar ICEMR,icemr_myanmar
EUPATH_0050150,Myanmar ICEMR,icemr_myanmar
EUPATH_0050151,Myanmar ICEMR,icemr_myanmar
EUPATH_0050152,Myanmar ICEMR,icemr_myanmar
EUPATH_0050153,Myanmar ICEMR,icemr_myanmar
EUPATH_0050154,Myanmar ICEMR,icemr_myanmar
EUPATH_0050155,Myanmar ICEMR,icemr_myanmar
EUPATH_0050156,Myanmar ICEMR,icemr_myanmar
EUPATH_0050157,Myanmar ICEMR,icemr_myanmar
EUPATH_0050158,Myanmar ICEMR,icemr_myanmar
EUPATH_0050159,Myanmar ICEMR,icemr_myanmar
EUPATH_0050160,Myanmar ICEMR,icemr_myanmar
EUPATH_0050161,Myanmar ICEMR,icemr_myanmar
EUPATH_0050162,Myanmar ICEMR,icemr_myanmar
EUPATH_0050163,Myanmar ICEMR,icemr_myanmar
EUPATH_0050164,Myanmar ICEMR,icemr_myanmar
EUPATH_0050165,Myanmar ICEMR,icemr_myanmar
EUPATH_0050166,Myanmar ICEMR,icemr_myanmar
EUPATH_0050167,Myanmar ICEMR,icemr_myanmar
EUPATH_0050168,Myanmar ICEMR,icemr_myanmar
EUPATH_0050169,Myanmar ICEMR,icemr_myanmar
EUPATH_0050170,Myanmar ICEMR,icemr_myanmar
EUPATH_0050171,Myanmar ICEMR,icemr_myanmar
EUPATH_0050172,Myanmar ICEMR,icemr_myanmar
EUPATH_0050173,Myanmar ICEMR,icemr_myanmar
EUPATH_0050174,Myanmar ICEMR,icemr_myanmar
EUPATH_0050175,Myanmar ICEMR,icemr_myanmar
EUPATH_0050176,Myanmar ICEMR,icemr_myanmar
EUPATH_0050177,Myanmar ICEMR,icemr_myanmar
EUPATH_0050178,Myanmar ICEMR,icemr_myanmar
EUPATH_0050179,Myanmar ICEMR,icemr_myanmar
EUPATH_0050180,Myanmar ICEMR,icemr_myanmar
EUPATH_0050181,Myanmar ICEMR,icemr_myanmar
EUPATH_0050182,Myanmar ICEMR,icemr_myanmar
EUPATH_0050183,Myanmar ICEMR,icemr_myanmar
EUPATH_0050184,Myanmar ICEMR,icemr_myanmar
EUPATH_0050185,Myanmar ICEMR,icemr_myanmar
EUPATH_0050186,Myanmar ICEMR,icemr_myanmar
EUPATH_0050187,Myanmar ICEMR,icemr_myanmar
EUPATH_0050188,Myanmar ICEMR,icemr_myanmar
EUPATH_0050189,Myanmar ICEMR,icemr_myanmar
EUPATH_0050190,Myanmar ICEMR,icemr_myanmar
EUPATH_0050191,Myanmar ICEMR,icemr_myanmar
EUPATH_0050192,Myanmar ICEMR,icemr_myanmar
EUPATH_0050193,Myanmar ICEMR,icemr_myanmar
EUPATH_0050194,Myanmar ICEMR,icemr_myanmar
EUPATH_0050195,Myanmar ICEMR,icemr_myanmar
EUPATH_0050196,Myanmar ICEMR,icemr_myanmar
EUPATH_0050197,Myanmar ICEMR,icemr_myanmar
EUPATH_0050198,Myanmar ICEMR,icemr_myanmar
EUPATH_0050199,Myanmar ICEMR,icemr_myanmar
EUPATH_0050200,Myanmar ICEMR,icemr_myanmar
EUPATH_0050201,Myanmar ICEMR,icemr_myanmar
EUPATH_0050202,Myanmar ICEMR,icemr_myanmar
EUPATH_0050203,Myanmar ICEMR,icemr_myanmar
EUPATH_0050204,Myanmar ICEMR,icemr_myanmar
EUPATH_0050205,Myanmar ICEMR,icemr_myanmar
EUPATH_0050206,Myanmar ICEMR,icemr_myanmar
EUPATH_0050207,Myanmar ICEMR,icemr_myanmar
EUPATH_0050208,Myanmar ICEMR,icemr_myanmar
EUPATH_0050209,Myanmar ICEMR,icemr_myanmar
EUPATH_0050210,Myanmar ICEMR,icemr_myanmar
EUPATH_0050211,Myanmar ICEMR,icemr_myanmar
EUPATH_0050212,Myanmar ICEMR,icemr_myanmar
EUPATH_0050213,Myanmar ICEMR,icemr_myanmar
EUPATH_0050501,"avenir,baseline",gates_avenir
EUPATH_0050502,"avenir,baseline",gates_avenir
EUPATH_0050503,"avenir,baseline",gates_avenir
EUPATH_0050504,"avenir,baseline",gates_avenir
EUPATH_0050505,"avenir,baseline",gates_avenir
EUPATH_0050506,"avenir,baseline",gates_avenir
EUPATH_0050507,"avenir,baseline",gates_avenir
EUPATH_0050508,"avenir,baseline",gates_avenir
EUPATH_0050509,"avenir,baseline",gates_avenir
EUPATH_0050510,"avenir,baseline",gates_avenir
EUPATH_0050511,"avenir,baseline",gates_avenir
EUPATH_0050512,"avenir,baseline",gates_avenir
EUPATH_0050513,"avenir,baseline",gates_avenir
EUPATH_0050514,"avenir,baseline",gates_avenir
EUPATH_0050515,"avenir,baseline",gates_avenir
EUPATH_0050516,"avenir,baseline",gates_avenir
EUPATH_0050517,"avenir,baseline",gates_avenir
EUPATH_0050518,"avenir,baseline",gates_avenir
EUPATH_0050519,"avenir,baseline",gates_avenir
EUPATH_0050520,"avenir,baseline",gates_avenir
EUPATH_0050521,"avenir,baseline",gates_avenir
EUPATH_0050522,"avenir,baseline",gates_avenir
EUPATH_0050523,"avenir,baseline",gates_avenir
EUPATH_0050524,"avenir,baseline",gates_avenir
EUPATH_0050525,"avenir,baseline",gates_avenir
EUPATH_0050526,"avenir,baseline",gates_avenir
EUPATH_0050527,"avenir,baseline",gates_avenir
EUPATH_0050528,"avenir,baseline",gates_avenir
EUPATH_0050529,"avenir,baseline",gates_avenir
EUPATH_0050530,"avenir,baseline",gates_avenir
EUPATH_0050531,"avenir,baseline",gates_avenir
EUPATH_0050533,"avenir,baseline",gates_avenir
EUPATH_0050534,"avenir,baseline",gates_avenir
EUPATH_0050536,"avenir,baseline",gates_avenir
EUPATH_0050537,"avenir,baseline",gates_avenir
EUPATH_0050538,"avenir,baseline",gates_avenir
EUPATH_0050539,"avenir,baseline",gates_avenir
EUPATH_0050540,"avenir,baseline",gates_avenir
EUPATH_0050541,"avenir,baseline",gates_avenir
EUPATH_0050542,"avenir,baseline",gates_avenir
EUPATH_0050543,"avenir,baseline",gates_avenir
EUPATH_0050544,"avenir,baseline",gates_avenir
EUPATH_0050545,"avenir,baseline",gates_avenir
EUPATH_0050546,"avenir,baseline",gates_avenir
EUPATH_0050547,"avenir,baseline",gates_avenir
EUPATH_0050548,"avenir,baseline",gates_avenir
EUPATH_0050549,"avenir,baseline",gates_avenir
EUPATH_0050550,"avenir,baseline",gates_avenir
EUPATH_0050551,"avenir,baseline",gates_avenir
EUPATH_0050552,"avenir,baseline",gates_avenir
EUPATH_0050553,"avenir,baseline",gates_avenir
EUPATH_0050554,"avenir,baseline",gates_avenir
EUPATH_0050555,"avenir,baseline",gates_avenir
EUPATH_0050556,"avenir,baseline",gates_avenir
EUPATH_0050557,"avenir,baseline",gates_avenir
EUPATH_0050558,"avenir,baseline",gates_avenir
EUPATH_0050559,"avenir,baseline",gates_avenir
EUPATH_0050560,"avenir,baseline",gates_avenir
EUPATH_0050561,"avenir,baseline",gates_avenir
EUPATH_0050562,"avenir,baseline",gates_avenir
EUPATH_0050563,"avenir,baseline",gates_avenir
EUPATH_0050564,"avenir,baseline",gates_avenir
EUPATH_0050565,"avenir,baseline",gates_avenir
EUPATH_0050566,"avenir,baseline",gates_avenir
EUPATH_0050567,"avenir,baseline",gates_avenir
EUPATH_0050568,"avenir,baseline",gates_avenir
EUPATH_0050569,"avenir,baseline",gates_avenir
EUPATH_0050570,"avenir,baseline",gates_avenir
EUPATH_0050572,"avenir,baseline",gates_avenir
EUPATH_0050573,"avenir,baseline",gates_avenir
EUPATH_0050574,"avenir,baseline",gates_avenir
EUPATH_0050575,"avenir,baseline",gates_avenir
EUPATH_0050576,"avenir,baseline",gates_avenir
EUPATH_0050577,"avenir,baseline",gates_avenir
EUPATH_0050578,"avenir,baseline",gates_avenir
EUPATH_0050579,"avenir,baseline",gates_avenir
EUPATH_0050580,"avenir,baseline",gates_avenir
EUPATH_0050581,"avenir,baseline",gates_avenir
EUPATH_0050582,"avenir,baseline",gates_avenir
EUPATH_0050583,"avenir,baseline",gates_avenir
EUPATH_0050584,"avenir,baseline",gates_avenir
EUPATH_0050585,"avenir,baseline",gates_avenir
EUPATH_0050586,"avenir,baseline",gates_avenir
EUPATH_0050591,"avenir,baseline",gates_avenir
EUPATH_0050592,"avenir,baseline",gates_avenir
EUPATH_0050593,"avenir,baseline",gates_avenir
EUPATH_0050594,"avenir,baseline",gates_avenir
EUPATH_0050595,"avenir,baseline",gates_avenir
EUPATH_0050596,"avenir,baseline",gates_avenir
EUPATH_0050597,"avenir,baseline",gates_avenir
EUPATH_0050598,"avenir,baseline",gates_avenir
EUPATH_0050599,"avenir,baseline",gates_avenir
EUPATH_0050600,,gates_avenir
EUPATH_0051001,Preventing Congenital Syphilis,gates_pcs
EUPATH_0051002,Preventing Congenital Syphilis,gates_pcs
EUPATH_0051003,Preventing Congenital Syphilis,gates_pcs
EUPATH_0051004,Preventing Congenital Syphilis,gates_pcs
EUPATH_0051005,Preventing Congenital Syphilis,gates_pcs
EUPATH_0051007,Preventing Congenital Syphilis,gates_pcs
EUPATH_0051008,Preventing Congenital Syphilis,gates_pcs
EUPATH_0051009,Preventing Congenital Syphilis,gates_pcs
EUPATH_0051010,Preventing Congenital Syphilis,gates_pcs
EUPATH_0051011,Preventing Congenital Syphilis,gates_pcs
EUPATH_0051012,Preventing Congenital Syphilis,gates_pcs
EUPATH_0051013,Preventing Congenital Syphilis,gates_pcs
EUPATH_0051014,Preventing Congenital Syphilis,gates_pcs
EUPATH_0051015,Preventing Congenital Syphilis,gates_pcs
EUPATH_0051016,Preventing Congenital Syphilis,gates_pcs
EUPATH_0051017,Preventing Congenital Syphilis,gates_pcs
EUPATH_0051018,Preventing Congenital Syphilis,gates_pcs
EUPATH_0051019,Preventing Congenital Syphilis,gates_pcs
EUPATH_0051020,Preventing Congenital Syphilis,gates_pcs
EUPATH_0051021,Preventing Congenital Syphilis,gates_pcs
EUPATH_0051022,Preventing Congenital Syphilis,gates_pcs
EUPATH_0051023,Preventing Congenital Syphilis,gates_pcs
EUPATH_0051024,Preventing Congenital Syphilis,gates_pcs
EUPATH_0051025,Preventing Congenital Syphilis,gates_pcs
EUPATH_0051026,Preventing Congenital Syphilis,gates_pcs
EUPATH_0051027,Preventing Congenital Syphilis,gates_pcs
EUPATH_0051028,Preventing Congenital Syphilis,gates_pcs
EUPATH_0051029,Preventing Congenital Syphilis,gates_pcs
EUPATH_0051101,India ICEMR DAMaN,icemr_india_daman
EUPATH_0051102,India ICEMR DAMaN,icemr_india_daman
EUPATH_0051103,India ICEMR DAMaN,icemr_india_daman
EUPATH_0051104,India ICEMR DAMaN,icemr_india_daman
EUPATH_0051105,India ICEMR DAMaN,icemr_india_daman
EUPATH_0051106,India ICEMR DAMaN,icemr_india_daman
EUPATH_0051107,India ICEMR DAMaN,icemr_india_daman
EUPATH_0051108,India ICEMR DAMaN,icemr_india_daman
EUPATH_0051109,India ICEMR DAMaN,icemr_india_daman
EUPATH_0051110,India ICEMR DAMaN,icemr_india_daman
EUPATH_0051111,India ICEMR DAMaN,icemr_india_daman
